#   wa_calc,   carbon,     silicate,     factor
     0.091   2.8112-143   2.3039-294   2.8112-143
     0.092   5.0195E-42   3.0445E-41   3.5465E-41
     0.093   2.2878E-41   7.1198E-41   9.4076E-41
     0.094   5.2360E-41   1.3557E-40   1.8793E-40
     0.096   1.1193E-40   2.8918E-40   4.0111E-40
     0.097   2.2920E-40   5.4564E-40   7.7484E-40
     0.098   4.7505E-40   1.0017E-39   1.4768E-39
     0.099   9.1279E-40   1.7833E-39   2.6961E-39
     0.100   1.7214E-39   3.0910E-39   4.8125E-39
     0.101   3.2354E-39   5.2584E-39   8.4938E-39
     0.102   5.9126E-39   8.8611E-39   1.4774E-38
     0.104   1.0690E-38   1.4637E-38   2.5328E-38
     0.105   1.9218E-38   2.3842E-38   4.3060E-38
     0.106   3.4055E-38   3.8796E-38   7.2851E-38
     0.107   5.9821E-38   6.2916E-38   1.2274E-37
     0.109   1.0434E-37   1.0165E-37   2.0599E-37
     0.110   1.8021E-37   1.6324E-37   3.4345E-37
     0.111   3.0879E-37   2.6055E-37   5.6934E-37
     0.112   5.2531E-37   4.1371E-37   9.3902E-37
     0.114   8.8636E-37   6.5319E-37   1.5396E-36
     0.115   1.4845E-36   1.0257E-36   2.5102E-36
     0.116   2.4680E-36   1.6015E-36   4.0696E-36
     0.118   4.0747E-36   2.4866E-36   6.5613E-36
     0.119   6.6791E-36   3.8388E-36   1.0518E-35
     0.121   1.0873E-35   5.8926E-36   1.6766E-35
     0.122   1.7585E-35   8.9954E-36   2.6580E-35
     0.123   2.8252E-35   1.3656E-35   4.1909E-35
     0.125   4.5104E-35   2.0618E-35   6.5723E-35
     0.126   7.1569E-35   3.0950E-35   1.0252E-34
     0.128   1.1288E-34   4.6196E-35   1.5908E-34
     0.129   1.7702E-34   6.8566E-35   2.4559E-34
     0.131   2.7230E-34   1.0120E-34   3.7350E-34
     0.132   4.2476E-34   1.4851E-34   5.7327E-34
     0.134   6.5974E-34   2.1667E-34   8.7641E-34
     0.135   1.0205E-33   3.9405E-34   1.4146E-33
     0.137   1.5723E-33   6.6464E-34   2.2369E-33
     0.139   2.4132E-33   9.9017E-34   3.4034E-33
     0.140   3.6904E-33   1.4533E-33   5.1437E-33
     0.142   5.6237E-33   2.1003E-33   7.7239E-33
     0.143   8.5409E-33   2.9728E-33   1.1514E-32
     0.145   1.2930E-32   4.1589E-33   1.7088E-32
     0.147   1.9513E-32   5.6446E-33   2.5158E-32
     0.149   2.9362E-32   7.5794E-33   3.6941E-32
     0.150   4.4056E-32   1.0039E-32   5.4095E-32
     0.152   6.5923E-32   1.3183E-32   7.9107E-32
     0.154   9.8387E-32   1.7225E-32   1.1561E-31
     0.156   1.4647E-31   2.2307E-32   1.6878E-31
     0.157   2.1754E-31   2.8782E-32   2.4632E-31
     0.159   3.2235E-31   3.6933E-32   3.5928E-31
     0.161   4.7663E-31   4.7146E-32   5.2377E-31
     0.163   7.0331E-31   5.9933E-32   7.6325E-31
     0.165   1.0358E-30   7.5831E-32   1.1117E-30
     0.167   1.5228E-30   9.5806E-32   1.6186E-30
     0.169   2.2351E-30   1.2056E-31   2.3557E-30
     0.171   3.2750E-30   1.5126E-31   3.4263E-30
     0.173   4.7883E-30   1.8925E-31   4.9776E-30
     0.175   6.9874E-30   2.3560E-31   7.2230E-30
     0.177   1.0180E-29   2.9204E-31   1.0472E-29
     0.179   1.4810E-29   3.6065E-31   1.5171E-29
     0.181   2.1525E-29   4.4433E-31   2.1969E-29
     0.183   3.1259E-29   5.4603E-31   3.1805E-29
     0.185   4.5374E-29   6.6911E-31   4.6043E-29
     0.187   6.5843E-29   8.1832E-31   6.6662E-29
     0.190   9.5532E-29   9.9989E-31   9.6532E-29
     0.192   1.3859E-28   1.2130E-30   1.3980E-28
     0.194   2.0098E-28   1.4650E-30   2.0244E-28
     0.196   2.9124E-28   1.7647E-30   2.9301E-28
     0.199   4.2142E-28   2.1216E-30   4.2354E-28
     0.201   6.0813E-28   2.5478E-30   6.1068E-28
     0.203   8.7373E-28   3.0583E-30   8.7679E-28
     0.206   1.2471E-27   3.6737E-30   1.2508E-27
     0.208   1.7634E-27   4.4214E-30   1.7678E-27
     0.210   2.4628E-27   5.3302E-30   2.4681E-27
     0.213   3.3865E-27   6.4032E-30   3.3929E-27
     0.215   4.5729E-27   7.7373E-30   4.5806E-27
     0.218   6.0529E-27   9.4381E-30   6.0623E-27
     0.221   7.8501E-27   1.1606E-29   7.8617E-27
     0.223   9.9854E-27   1.4435E-29   9.9998E-27
     0.226   1.2485E-26   1.8051E-29   1.2503E-26
     0.228   1.5388E-26   2.2626E-29   1.5411E-26
     0.231   1.8756E-26   2.8315E-29   1.8784E-26
     0.234   2.2675E-26   3.5273E-29   2.2710E-26
     0.236   2.7261E-26   4.3788E-29   2.7305E-26
     0.239   3.2662E-26   5.4177E-29   3.2717E-26
     0.242   3.9062E-26   6.6816E-29   3.9128E-26
     0.245   4.6680E-26   8.2149E-29   4.6763E-26
     0.248   5.5784E-26   1.0070E-28   5.5885E-26
     0.251   6.6691E-26   1.2308E-28   6.6814E-26
     0.253   7.9776E-26   1.5000E-28   7.9926E-26
     0.256   9.5492E-26   1.8228E-28   9.5675E-26
     0.259   1.1437E-25   2.2084E-28   1.1459E-25
     0.262   1.3705E-25   2.6677E-28   1.3731E-25
     0.266   1.6427E-25   3.2132E-28   1.6459E-25
     0.269   1.9693E-25   3.8591E-28   1.9732E-25
     0.272   2.3607E-25   4.6217E-28   2.3653E-25
     0.275   2.8293E-25   5.5194E-28   2.8348E-25
     0.278   3.3895E-25   6.5730E-28   3.3961E-25
     0.281   4.0583E-25   7.8064E-28   4.0661E-25
     0.285   4.8556E-25   9.2464E-28   4.8649E-25
     0.288   5.8046E-25   1.0927E-27   5.8155E-25
     0.291   6.9322E-25   1.2880E-27   6.9451E-25
     0.295   8.2698E-25   1.5145E-27   8.2850E-25
     0.298   9.8537E-25   1.7764E-27   9.8715E-25
     0.302   1.1726E-24   2.0786E-27   1.1747E-24
     0.305   1.3816E-24   2.4263E-27   1.3840E-24
     0.309   1.6148E-24   2.8254E-27   1.6176E-24
     0.312   1.8809E-24   3.2824E-27   1.8842E-24
     0.316   2.1829E-24   3.8045E-27   2.1867E-24
     0.320   2.5235E-24   4.3996E-27   2.5279E-24
     0.324   2.9049E-24   5.0763E-27   2.9099E-24
     0.327   3.3278E-24   5.8444E-27   3.3336E-24
     0.331   3.7910E-24   6.7146E-27   3.7977E-24
     0.335   4.2896E-24   7.6974E-27   4.2973E-24
     0.339   4.8132E-24   8.8050E-27   4.8220E-24
     0.343   5.3434E-24   1.0050E-26   5.3534E-24
     0.347   5.8524E-24   1.1446E-26   5.8638E-24
     0.351   6.3074E-24   1.3008E-26   6.3204E-24
     0.355   6.6875E-24   1.4753E-26   6.7023E-24
     0.359   7.0103E-24   1.6698E-26   7.0270E-24
     0.363   7.3396E-24   1.8861E-26   7.3585E-24
     0.368   7.7552E-24   2.1267E-26   7.7764E-24
     0.372   8.3166E-24   2.3936E-26   8.3405E-24
     0.376   9.0529E-24   2.6890E-26   9.0798E-24
     0.381   9.9690E-24   3.0153E-26   9.9991E-24
     0.385   1.1050E-23   3.3746E-26   1.1084E-23
     0.390   1.2262E-23   3.7696E-26   1.2300E-23
     0.394   1.3555E-23   4.2030E-26   1.3597E-23
     0.399   1.4860E-23   4.6777E-26   1.4907E-23
     0.403   1.6090E-23   5.1966E-26   1.6142E-23
     0.408   1.7128E-23   5.7628E-26   1.7185E-23
     0.413   1.7824E-23   6.3794E-26   1.7888E-23
     0.418   1.8032E-23   7.0497E-26   1.8102E-23
     0.423   1.7683E-23   7.7771E-26   1.7760E-23
     0.428   1.6867E-23   8.5650E-26   1.6953E-23
     0.433   1.5825E-23   9.4170E-26   1.5919E-23
     0.438   1.4809E-23   1.0337E-25   1.4912E-23
     0.443   1.3968E-23   1.1331E-25   1.4082E-23
     0.448   1.3334E-23   1.2401E-25   1.3458E-23
     0.453   1.2859E-23   1.3552E-25   1.2995E-23
     0.458   1.2464E-23   1.4786E-25   1.2612E-23
     0.464   1.2069E-23   1.6109E-25   1.2230E-23
     0.469   1.1624E-23   1.7524E-25   1.1799E-23
     0.475   1.1137E-23   1.9034E-25   1.1328E-23
     0.480   1.0661E-23   2.0645E-25   1.0868E-23
     0.486   1.0250E-23   2.2360E-25   1.0474E-23
     0.492   9.9305E-24   2.4181E-25   1.0172E-23
     0.497   9.7020E-24   2.6114E-25   9.9631E-24
     0.503   9.5515E-24   2.8163E-25   9.8331E-24
     0.509   9.4675E-24   3.0331E-25   9.7708E-24
     0.515   9.4478E-24   3.2622E-25   9.7740E-24
     0.521   9.4950E-24   3.5040E-25   9.8454E-24
     0.527   9.6050E-24   3.7588E-25   9.9809E-24
     0.533   9.7611E-24   4.0269E-25   1.0164E-23
     0.539   9.9372E-24   4.3087E-25   1.0368E-23
     0.546   1.0107E-23   4.6044E-25   1.0567E-23
     0.552   1.0255E-23   4.9142E-25   1.0747E-23
     0.558   1.0391E-23   5.2386E-25   1.0915E-23
     0.565   1.0537E-23   5.5776E-25   1.1095E-23
     0.572   1.0715E-23   5.9316E-25   1.1308E-23
     0.578   1.0927E-23   6.3005E-25   1.1557E-23
     0.585   1.1162E-23   6.6847E-25   1.1831E-23
     0.592   1.1403E-23   7.0842E-25   1.2111E-23
     0.599   1.1634E-23   7.4990E-25   1.2384E-23
     0.606   1.1856E-23   7.9293E-25   1.2649E-23
     0.613   1.2083E-23   8.3751E-25   1.2921E-23
     0.620   1.2333E-23   8.8363E-25   1.3216E-23
     0.627   1.2612E-23   9.3129E-25   1.3543E-23
     0.635   1.2914E-23   9.8049E-25   1.3895E-23
     0.642   1.3227E-23   1.0312E-24   1.4258E-23
     0.650   1.3540E-23   1.0834E-24   1.4623E-23
     0.657   1.3852E-23   1.1372E-24   1.4989E-23
     0.665   1.4173E-23   1.1925E-24   1.5366E-23
     0.673   1.4538E-23   1.2493E-24   1.5787E-23
     0.680   1.4972E-23   1.3075E-24   1.6279E-23
     0.688   1.5488E-23   1.3671E-24   1.6855E-23
     0.696   1.6087E-23   1.4281E-24   1.7515E-23
     0.705   1.6759E-23   1.4904E-24   1.8249E-23
     0.713   1.7492E-23   1.5540E-24   1.9046E-23
     0.721   1.8275E-23   1.6188E-24   1.9894E-23
     0.730   1.9095E-23   1.6847E-24   2.0780E-23
     0.738   1.9942E-23   1.7519E-24   2.1694E-23
     0.747   2.0811E-23   1.8201E-24   2.2631E-23
     0.755   2.1705E-23   1.8893E-24   2.3594E-23
     0.764   2.2636E-23   1.9595E-24   2.4595E-23
     0.773   2.3617E-23   2.0306E-24   2.5648E-23
     0.782   2.4659E-23   2.1025E-24   2.6761E-23
     0.791   2.5764E-23   2.1752E-24   2.7940E-23
     0.801   2.6935E-23   2.2487E-24   2.9184E-23
     0.810   2.8174E-23   2.3227E-24   3.0497E-23
     0.819   2.9485E-23   2.3974E-24   3.1882E-23
     0.829   3.0874E-23   2.4725E-24   3.3347E-23
     0.839   3.2348E-23   2.5480E-24   3.4897E-23
     0.848   3.3916E-23   2.6239E-24   3.6540E-23
     0.858   3.5588E-23   2.7000E-24   3.8288E-23
     0.868   3.7380E-23   2.7763E-24   4.0156E-23
     0.879   3.9314E-23   2.8527E-24   4.2167E-23
     0.889   4.1422E-23   2.9291E-24   4.4351E-23
     0.899   4.3745E-23   3.0054E-24   4.6751E-23
     0.910   4.6343E-23   3.0814E-24   4.9424E-23
     0.920   4.9308E-23   3.1570E-24   5.2465E-23
     0.931   5.2775E-23   3.2324E-24   5.6007E-23
     0.942   5.6951E-23   3.3074E-24   6.0258E-23
     0.953   6.2164E-23   3.3820E-24   6.5546E-23
     0.964   6.8953E-23   3.4560E-24   7.2409E-23
     0.975   7.8237E-23   3.5294E-24   8.1766E-23
     0.987   9.1654E-23   3.6021E-24   9.5257E-23
     0.998   1.1224E-22   3.6740E-24   1.1591E-22
     1.010   1.4566E-22   3.7454E-24   1.4940E-22
     1.022   2.0153E-22   3.8161E-24   2.0535E-22
     1.034   2.8795E-22   3.8858E-24   2.9183E-22
     1.046   3.7570E-22   3.9546E-24   3.7966E-22
     1.058   3.8123E-22   4.0223E-24   3.8525E-22
     1.070   3.1195E-22   4.0889E-24   3.1603E-22
     1.083   2.4342E-22   4.1544E-24   2.4757E-22
     1.096   1.9828E-22   4.2187E-24   2.0250E-22
     1.108   1.7158E-22   4.2817E-24   1.7587E-22
     1.121   1.5673E-22   4.3433E-24   1.6107E-22
     1.134   1.4964E-22   4.4036E-24   1.5404E-22
     1.148   1.4820E-22   4.4624E-24   1.5266E-22
     1.161   1.5150E-22   4.5197E-24   1.5602E-22
     1.175   1.5943E-22   4.5756E-24   1.6400E-22
     1.188   1.7236E-22   4.6299E-24   1.7699E-22
     1.202   1.9087E-22   4.6825E-24   1.9555E-22
     1.216   2.1498E-22   4.7336E-24   2.1972E-22
     1.231   2.4291E-22   4.7830E-24   2.4769E-22
     1.245   2.6948E-22   4.8307E-24   2.7431E-22
     1.259   2.8679E-22   4.8780E-24   2.9167E-22
     1.274   2.8905E-22   4.9247E-24   2.9398E-22
     1.289   2.7741E-22   4.9701E-24   2.8238E-22
     1.304   2.5812E-22   5.0140E-24   2.6313E-22
     1.319   2.3728E-22   5.0569E-24   2.4234E-22
     1.335   2.1834E-22   5.0981E-24   2.2344E-22
     1.350   2.0248E-22   5.1374E-24   2.0762E-22
     1.366   1.8970E-22   5.1750E-24   1.9487E-22
     1.382   1.7955E-22   5.2104E-24   1.8476E-22
     1.398   1.7154E-22   5.2435E-24   1.7678E-22
     1.415   1.6520E-22   5.2747E-24   1.7048E-22
     1.431   1.6019E-22   5.3040E-24   1.6549E-22
     1.448   1.5619E-22   5.3314E-24   1.6152E-22
     1.465   1.5301E-22   5.3572E-24   1.5836E-22
     1.482   1.5046E-22   5.3816E-24   1.5584E-22
     1.499   1.4842E-22   5.4041E-24   1.5382E-22
     1.517   1.4677E-22   5.4248E-24   1.5219E-22
     1.534   1.4543E-22   5.4436E-24   1.5088E-22
     1.552   1.4435E-22   5.4605E-24   1.4981E-22
     1.570   1.4347E-22   5.4751E-24   1.4894E-22
     1.589   1.4273E-22   5.4879E-24   1.4822E-22
     1.607   1.4210E-22   5.4990E-24   1.4760E-22
     1.626   1.4154E-22   5.5082E-24   1.4705E-22
     1.645   1.4102E-22   5.5157E-24   1.4654E-22
     1.664   1.4050E-22   5.5210E-24   1.4602E-22
     1.684   1.3993E-22   5.5248E-24   1.4546E-22
     1.704   1.3929E-22   5.5272E-24   1.4482E-22
     1.723   1.3853E-22   5.5283E-24   1.4406E-22
     1.744   1.3756E-22   5.5281E-24   1.4309E-22
     1.764   1.3630E-22   5.5265E-24   1.4182E-22
     1.785   1.3458E-22   5.5244E-24   1.4011E-22
     1.805   1.3223E-22   5.5214E-24   1.3776E-22
     1.826   1.2903E-22   5.5173E-24   1.3455E-22
     1.848   1.2487E-22   5.5119E-24   1.3038E-22
     1.869   1.2015E-22   5.5053E-24   1.2565E-22
     1.891   1.1622E-22   5.4975E-24   1.2172E-22
     1.913   1.1500E-22   5.4885E-24   1.2049E-22
     1.936   1.1704E-22   5.4780E-24   1.2252E-22
     1.958   1.2091E-22   5.4662E-24   1.2637E-22
     1.981   1.2494E-22   5.4531E-24   1.3040E-22
     2.004   1.2834E-22   5.4388E-24   1.3378E-22
     2.028   1.3097E-22   5.4232E-24   1.3639E-22
     2.051   1.3294E-22   5.4065E-24   1.3835E-22
     2.075   1.3441E-22   5.3884E-24   1.3980E-22
     2.100   1.3551E-22   5.3691E-24   1.4088E-22
     2.124   1.3634E-22   5.3485E-24   1.4169E-22
     2.149   1.3693E-22   5.3273E-24   1.4226E-22
     2.174   1.3736E-22   5.3051E-24   1.4267E-22
     2.200   1.3768E-22   5.2821E-24   1.4296E-22
     2.225   1.3791E-22   5.2585E-24   1.4317E-22
     2.251   1.3807E-22   5.2339E-24   1.4330E-22
     2.278   1.3817E-22   5.2082E-24   1.4338E-22
     2.304   1.3823E-22   5.1816E-24   1.4341E-22
     2.331   1.3826E-22   5.1540E-24   1.4341E-22
     2.358   1.3826E-22   5.1253E-24   1.4338E-22
     2.386   1.3824E-22   5.0957E-24   1.4333E-22
     2.414   1.3820E-22   5.0652E-24   1.4327E-22
     2.442   1.3817E-22   5.0334E-24   1.4320E-22
     2.471   1.3813E-22   5.0010E-24   1.4313E-22
     2.499   1.3809E-22   4.9686E-24   1.4306E-22
     2.529   1.3807E-22   4.9361E-24   1.4301E-22
     2.558   1.3808E-22   4.9031E-24   1.4298E-22
     2.588   1.3812E-22   4.8697E-24   1.4299E-22
     2.618   1.3819E-22   4.8359E-24   1.4303E-22
     2.649   1.3829E-22   4.8017E-24   1.4309E-22
     2.680   1.3847E-22   4.7671E-24   1.4323E-22
     2.711   1.3874E-22   4.7321E-24   1.4347E-22
     2.743   1.3914E-22   4.6967E-24   1.4384E-22
     2.775   1.3974E-22   4.6607E-24   1.4440E-22
     2.807   1.4056E-22   4.6242E-24   1.4518E-22
     2.840   1.4167E-22   4.5875E-24   1.4625E-22
     2.873   1.4325E-22   4.5504E-24   1.4780E-22
     2.907   1.4543E-22   4.5130E-24   1.4994E-22
     2.941   1.4848E-22   4.4753E-24   1.5296E-22
     2.975   1.5285E-22   4.4373E-24   1.5729E-22
     3.010   1.5919E-22   4.3991E-24   1.6359E-22
     3.045   1.6879E-22   4.3606E-24   1.7315E-22
     3.081   1.8394E-22   4.3218E-24   1.8826E-22
     3.117   2.0960E-22   4.2844E-24   2.1388E-22
     3.153   2.5665E-22   4.2490E-24   2.6090E-22
     3.190   3.6166E-22   4.2137E-24   3.6588E-22
     3.227   6.5511E-22   4.1786E-24   6.5929E-22
     3.265   2.0214E-21   4.1434E-24   2.0256E-21
     3.303   7.9105E-21   4.1044E-24   7.9146E-21
     3.342   1.6150E-21   4.0646E-24   1.6191E-21
     3.381   5.8942E-22   4.0241E-24   5.9344E-22
     3.420   3.4217E-22   3.9827E-24   3.4616E-22
     3.460   2.4839E-22   3.9408E-24   2.5233E-22
     3.501   2.0310E-22   3.8987E-24   2.0700E-22
     3.541   1.7775E-22   3.8565E-24   1.8160E-22
     3.583   1.6205E-22   3.8141E-24   1.6586E-22
     3.625   1.5160E-22   3.7715E-24   1.5537E-22
     3.667   1.4426E-22   3.7289E-24   1.4798E-22
     3.710   1.3887E-22   3.6864E-24   1.4256E-22
     3.753   1.3479E-22   3.6440E-24   1.3843E-22
     3.797   1.3161E-22   3.6018E-24   1.3521E-22
     3.842   1.2908E-22   3.5596E-24   1.3264E-22
     3.886   1.2705E-22   3.5180E-24   1.3057E-22
     3.932   1.2539E-22   3.4772E-24   1.2887E-22
     3.978   1.2404E-22   3.4364E-24   1.2748E-22
     4.024   1.2295E-22   3.3955E-24   1.2634E-22
     4.071   1.2207E-22   3.3546E-24   1.2542E-22
     4.119   1.2138E-22   3.3137E-24   1.2470E-22
     4.167   1.2088E-22   3.2711E-24   1.2415E-22
     4.216   1.2054E-22   3.2283E-24   1.2377E-22
     4.265   1.2036E-22   3.1859E-24   1.2355E-22
     4.315   1.2036E-22   3.1440E-24   1.2350E-22
     4.365   1.2052E-22   3.1025E-24   1.2362E-22
     4.416   1.2087E-22   3.0616E-24   1.2393E-22
     4.468   1.2142E-22   3.0222E-24   1.2444E-22
     4.520   1.2219E-22   2.9840E-24   1.2517E-22
     4.573   1.2322E-22   2.9468E-24   1.2616E-22
     4.626   1.2454E-22   2.9104E-24   1.2745E-22
     4.680   1.2622E-22   2.8749E-24   1.2910E-22
     4.735   1.2836E-22   2.8401E-24   1.3120E-22
     4.790   1.3107E-22   2.8065E-24   1.3388E-22
     4.846   1.3457E-22   2.7744E-24   1.3735E-22
     4.903   1.3922E-22   2.7433E-24   1.4196E-22
     4.960   1.4566E-22   2.7131E-24   1.4837E-22
     5.018   1.5515E-22   2.6841E-24   1.5783E-22
     5.077   1.7056E-22   2.6571E-24   1.7321E-22
     5.136   1.9897E-22   2.6318E-24   2.0160E-22
     5.196   2.5628E-22   2.6081E-24   2.5889E-22
     5.257   3.3316E-22   2.5861E-24   3.3575E-22
     5.318   3.0807E-22   2.5657E-24   3.1064E-22
     5.380   2.5581E-22   2.5468E-24   2.5836E-22
     5.443   2.4389E-22   2.5294E-24   2.4642E-22
     5.507   2.6290E-22   2.5133E-24   2.6541E-22
     5.571   3.1806E-22   2.4995E-24   3.2056E-22
     5.636   4.3312E-22   2.4872E-24   4.3561E-22
     5.702   5.4224E-22   2.4767E-24   5.4472E-22
     5.769   4.7745E-22   2.4677E-24   4.7991E-22
     5.836   4.2660E-22   2.4603E-24   4.2906E-22
     5.904   4.5611E-22   2.4542E-24   4.5857E-22
     5.973   5.6957E-22   2.4499E-24   5.7202E-22
     6.043   8.3207E-22   2.4465E-24   8.3451E-22
     6.114   1.4616E-21   2.4439E-24   1.4640E-21
     6.185   2.7460E-21   2.4420E-24   2.7484E-21
     6.257   2.7316E-21   2.4336E-24   2.7340E-21
     6.331   1.5123E-21   2.4292E-24   1.5147E-21
     6.404   9.6085E-22   2.4200E-24   9.6327E-22
     6.479   7.7660E-22   2.4093E-24   7.7901E-22
     6.555   7.4517E-22   2.3976E-24   7.4757E-22
     6.632   7.7322E-22   2.3837E-24   7.7560E-22
     6.709   7.8959E-22   2.3707E-24   7.9197E-22
     6.787   7.6769E-22   2.3558E-24   7.7004E-22
     6.867   7.4381E-22   2.3421E-24   7.4615E-22
     6.947   7.5245E-22   2.3311E-24   7.5478E-22
     7.028   8.0351E-22   2.3294E-24   8.0584E-22
     7.110   8.9816E-22   2.3378E-24   9.0050E-22
     7.193   1.0387E-21   2.3683E-24   1.0411E-21
     7.277   1.2346E-21   2.4420E-24   1.2371E-21
     7.362   1.5161E-21   2.5489E-24   1.5186E-21
     7.449   1.9553E-21   2.7450E-24   1.9580E-21
     7.536   2.5770E-21   3.0388E-24   2.5801E-21
     7.624   2.9224E-21   3.4809E-24   2.9259E-21
     7.713   2.7859E-21   4.0799E-24   2.7900E-21
     7.803   2.7072E-21   4.8509E-24   2.7121E-21
     7.894   2.4235E-21   5.8186E-24   2.4293E-21
     7.986   1.8494E-21   6.9767E-24   1.8564E-21
     8.079   1.3708E-21   8.3386E-24   1.3791E-21
     8.174   1.0958E-21   9.8668E-24   1.1056E-21
     8.269   9.7370E-22   1.1535E-23   9.8524E-22
     8.366   9.4002E-22   1.2966E-23   9.5298E-22
     8.464   1.0043E-21   1.4219E-23   1.0185E-21
     8.563   1.1803E-21   1.5392E-23   1.1957E-21
     8.663   1.0943E-21   1.6663E-23   1.1110E-21
     8.764   7.6286E-22   1.8157E-23   7.8102E-22
     8.866   5.4043E-22   1.9960E-23   5.6039E-22
     8.970   4.1992E-22   2.1921E-23   4.4184E-22
     9.075   3.5040E-22   2.3911E-23   3.7431E-22
     9.181   3.0671E-22   2.5672E-23   3.3238E-22
     9.288   2.7735E-22   2.6956E-23   3.0430E-22
     9.397   2.5678E-22   2.7620E-23   2.8440E-22
     9.506   2.4203E-22   2.7660E-23   2.6969E-22
     9.617   2.3146E-22   2.7215E-23   2.5868E-22
     9.730   2.2410E-22   2.6456E-23   2.5056E-22
     9.844   2.1940E-22   2.5671E-23   2.4507E-22
     9.959   2.1706E-22   2.4938E-23   2.4200E-22
    10.075   2.1710E-22   2.4297E-23   2.4139E-22
    10.193   2.1968E-22   2.3683E-23   2.4337E-22
    10.312   2.2549E-22   2.2960E-23   2.4845E-22
    10.432   2.3583E-22   2.1979E-23   2.5780E-22
    10.554   2.5398E-22   2.0795E-23   2.7478E-22
    10.677   2.8547E-22   1.9566E-23   3.0503E-22
    10.802   3.2639E-22   1.8483E-23   3.4488E-22
    10.928   4.1481E-22   1.7543E-23   4.3235E-22
    11.056   6.3639E-22   1.6701E-23   6.5309E-22
    11.185   1.4944E-21   1.5869E-23   1.5103E-21
    11.316   1.5899E-21   1.5086E-23   1.6050E-21
    11.448   1.0404E-21   1.4372E-23   1.0548E-21
    11.582   6.7495E-22   1.3730E-23   6.8868E-22
    11.717   5.7275E-22   1.3103E-23   5.8585E-22
    11.854   6.0883E-22   1.2439E-23   6.2127E-22
    11.993   6.5725E-22   1.1786E-23   6.6903E-22
    12.133   6.0290E-22   1.1160E-23   6.1406E-22
    12.275   5.6511E-22   1.0613E-23   5.7572E-22
    12.418   6.3377E-22   1.0112E-23   6.4388E-22
    12.563   7.6404E-22   9.6036E-24   7.7364E-22
    12.710   7.1157E-22   9.1139E-24   7.2069E-22
    12.858   5.2750E-22   8.6503E-24   5.3615E-22
    13.009   4.1016E-22   8.2387E-24   4.1840E-22
    13.161   3.6347E-22   7.8734E-24   3.7135E-22
    13.314   3.6630E-22   7.5233E-24   3.7382E-22
    13.470   3.7929E-22   7.2013E-24   3.8649E-22
    13.627   3.3571E-22   6.9114E-24   3.4263E-22
    13.787   2.8580E-22   6.6864E-24   2.9249E-22
    13.948   2.6263E-22   6.5657E-24   2.6920E-22
    14.111   2.6603E-22   6.5422E-24   2.7257E-22
    14.276   2.5425E-22   6.6247E-24   2.6088E-22
    14.442   2.2653E-22   6.7946E-24   2.3332E-22
    14.611   2.1370E-22   7.0327E-24   2.2073E-22
    14.782   2.0689E-22   7.3311E-24   2.1422E-22
    14.954   2.0259E-22   7.6396E-24   2.1023E-22
    15.129   1.9956E-22   7.9676E-24   2.0753E-22
    15.306   1.9757E-22   8.3291E-24   2.0590E-22
    15.485   1.9660E-22   8.7162E-24   2.0532E-22
    15.666   1.9740E-22   9.1273E-24   2.0653E-22
    15.849   2.0200E-22   9.5592E-24   2.1156E-22
    16.034   2.0564E-22   1.0011E-23   2.1565E-22
    16.221   2.2050E-22   1.0478E-23   2.3098E-22
    16.411   2.9396E-22   1.0962E-23   3.0493E-22
    16.603   2.5558E-22   1.1449E-23   2.6703E-22
    16.797   2.4938E-22   1.1930E-23   2.6131E-22
    16.993   2.5601E-22   1.2391E-23   2.6840E-22
    17.191   2.4947E-22   1.2836E-23   2.6230E-22
    17.392   2.4424E-22   1.3274E-23   2.5751E-22
    17.596   2.0312E-22   1.3680E-23   2.1680E-22
    17.801   1.8967E-22   1.4040E-23   2.0371E-22
    18.009   1.7305E-22   1.4344E-23   1.8740E-22
    18.220   1.5933E-22   1.4596E-23   1.7393E-22
    18.432   1.5169E-22   1.4799E-23   1.6649E-22
    18.648   1.4794E-22   1.4941E-23   1.6288E-22
    18.866   1.5190E-22   1.5019E-23   1.6692E-22
    19.086   1.4138E-22   1.5034E-23   1.5641E-22
    19.309   1.3144E-22   1.4992E-23   1.4643E-22
    19.535   1.2591E-22   1.4896E-23   1.4080E-22
    19.763   1.2172E-22   1.4753E-23   1.3647E-22
    19.994   1.1796E-22   1.4571E-23   1.3253E-22
    20.228   1.1452E-22   1.4376E-23   1.2889E-22
    20.464   1.1126E-22   1.4215E-23   1.2548E-22
    20.703   1.0828E-22   1.4104E-23   1.2239E-22
    20.945   1.0541E-22   1.3988E-23   1.1940E-22
    21.190   1.0264E-22   1.3854E-23   1.1649E-22
    21.437   1.0006E-22   1.3730E-23   1.1379E-22
    21.688   9.7564E-23   1.3640E-23   1.1120E-22
    21.941   9.5193E-23   1.3558E-23   1.0875E-22
    22.197   9.2952E-23   1.3450E-23   1.0640E-22
    22.457   9.0734E-23   1.3306E-23   1.0404E-22
    22.719   8.8658E-23   1.3180E-23   1.0184E-22
    22.985   8.6651E-23   1.3088E-23   9.9739E-23
    23.253   8.4820E-23   1.3027E-23   9.7847E-23
    23.525   8.2974E-23   1.2960E-23   9.5933E-23
    23.800   8.1271E-23   1.2879E-23   9.4150E-23
    24.078   7.9617E-23   1.2813E-23   9.2430E-23
    24.359   7.8058E-23   1.2748E-23   9.0807E-23
    24.644   7.6588E-23   1.2680E-23   8.9267E-23
    24.932   7.5165E-23   1.2613E-23   8.7778E-23
    25.223   7.3825E-23   1.2545E-23   8.6370E-23
    25.518   7.2519E-23   1.2479E-23   8.4998E-23
    25.816   7.1277E-23   1.2416E-23   8.3694E-23
    26.118   7.0112E-23   1.2356E-23   8.2468E-23
    26.423   6.9037E-23   1.2299E-23   8.1337E-23
    26.732   6.7991E-23   1.2245E-23   8.0236E-23
    27.044   6.6959E-23   1.2194E-23   7.9153E-23
    27.360   6.5967E-23   1.2145E-23   7.8112E-23
    27.680   6.5111E-23   1.2100E-23   7.7211E-23
    28.003   6.4246E-23   1.2058E-23   7.6303E-23
    28.330   6.3406E-23   1.2018E-23   7.5424E-23
    28.661   6.2614E-23   1.1981E-23   7.4595E-23
    28.996   6.1875E-23   1.1946E-23   7.3821E-23
    29.335   6.1225E-23   1.1914E-23   7.3139E-23
    29.678   6.0551E-23   1.1884E-23   7.2435E-23
    30.024   5.9946E-23   1.1855E-23   7.1801E-23
    30.375   5.9322E-23   1.1824E-23   7.1146E-23
    30.730   5.8749E-23   1.1795E-23   7.0544E-23
    31.089   5.8220E-23   1.1770E-23   6.9990E-23
    31.452   5.7753E-23   1.1748E-23   6.9501E-23
    31.820   5.7278E-23   1.1728E-23   6.9007E-23
    32.192   5.6823E-23   1.1712E-23   6.8535E-23
    32.568   5.6355E-23   1.1698E-23   6.8053E-23
    32.948   5.5961E-23   1.1688E-23   6.7649E-23
    33.333   5.5535E-23   1.1680E-23   6.7215E-23
    33.723   5.5129E-23   1.1680E-23   6.6809E-23
    34.117   5.4775E-23   1.1687E-23   6.6462E-23
    34.516   5.4422E-23   1.1696E-23   6.6118E-23
    34.919   5.4127E-23   1.1708E-23   6.5835E-23
    35.327   5.3818E-23   1.1723E-23   6.5541E-23
    35.740   5.3497E-23   1.1742E-23   6.5239E-23
    36.157   5.3252E-23   1.1763E-23   6.5015E-23
    36.580   5.2996E-23   1.1788E-23   6.4785E-23
    37.007   5.2714E-23   1.1817E-23   6.4531E-23
    37.440   5.2501E-23   1.1850E-23   6.4351E-23
    37.877   5.2262E-23   1.1878E-23   6.4140E-23
    38.320   5.2087E-23   1.1904E-23   6.3992E-23
    38.767   5.1899E-23   1.1933E-23   6.3832E-23
    39.220   5.1707E-23   1.1966E-23   6.3673E-23
    39.679   5.1541E-23   1.2001E-23   6.3542E-23
    40.142   5.1392E-23   1.2040E-23   6.3432E-23
    40.611   5.1281E-23   1.2082E-23   6.3363E-23
    41.086   5.1190E-23   1.2130E-23   6.3320E-23
    41.566   5.1137E-23   1.2182E-23   6.3319E-23
    42.051   5.1109E-23   1.2238E-23   6.3348E-23
    42.543   5.1143E-23   1.2301E-23   6.3443E-23
    43.040   5.1186E-23   1.2369E-23   6.3555E-23
    43.543   5.1276E-23   1.2445E-23   6.3721E-23
    44.052   5.1388E-23   1.2528E-23   6.3917E-23
    44.566   5.1556E-23   1.2619E-23   6.4175E-23
    45.087   5.1748E-23   1.2719E-23   6.4467E-23
    45.614   5.1962E-23   1.2829E-23   6.4791E-23
    46.147   5.2248E-23   1.2950E-23   6.5198E-23
    46.686   5.2572E-23   1.3081E-23   6.5654E-23
    47.232   5.2950E-23   1.3225E-23   6.6175E-23
    47.783   5.3412E-23   1.3381E-23   6.6794E-23
    48.342   5.3905E-23   1.3551E-23   6.7457E-23
    48.907   5.4467E-23   1.3736E-23   6.8203E-23
    49.478   5.5113E-23   1.3935E-23   6.9049E-23
    50.056   5.5815E-23   1.4151E-23   6.9967E-23
    50.641   5.6642E-23   1.4386E-23   7.1027E-23
    51.233   5.7513E-23   1.4639E-23   7.2152E-23
    51.831   5.8484E-23   1.4911E-23   7.3395E-23
    52.437   5.9488E-23   1.5202E-23   7.4690E-23
    53.050   6.0610E-23   1.5514E-23   7.6124E-23
    53.669   6.1836E-23   1.5851E-23   7.7686E-23
    54.297   6.3097E-23   1.6212E-23   7.9308E-23
    54.931   6.4441E-23   1.6600E-23   8.1041E-23
    55.573   6.5889E-23   1.7013E-23   8.2902E-23
    56.222   6.7402E-23   1.7454E-23   8.4856E-23
    56.879   6.9005E-23   1.7920E-23   8.6925E-23
    57.544   7.0698E-23   1.8415E-23   8.9113E-23
    58.216   7.2472E-23   1.8939E-23   9.1411E-23
    58.896   7.4362E-23   1.9493E-23   9.3854E-23
    59.584   7.6345E-23   2.0078E-23   9.6423E-23
    60.281   7.8384E-23   2.0696E-23   9.9080E-23
    60.985   8.0517E-23   2.1347E-23   1.0186E-22
    61.698   8.2687E-23   2.2032E-23   1.0472E-22
    62.418   8.4933E-23   2.2756E-23   1.0769E-22
    63.148   8.7242E-23   2.3517E-23   1.1076E-22
    63.886   8.9678E-23   2.4311E-23   1.1399E-22
    64.632   9.2116E-23   2.5132E-23   1.1725E-22
    65.387   9.4602E-23   2.5989E-23   1.2059E-22
    66.151   9.7208E-23   2.6885E-23   1.2409E-22
    66.924   9.9799E-23   2.7819E-23   1.2762E-22
    67.706   1.0242E-22   2.8791E-23   1.3121E-22
    68.497   1.0507E-22   2.9799E-23   1.3487E-22
    69.298   1.0775E-22   3.0836E-23   1.3858E-22
    70.107   1.1046E-22   3.1900E-23   1.4236E-22
    70.927   1.1317E-22   3.3012E-23   1.4618E-22
    71.755   1.1589E-22   3.4143E-23   1.5004E-22
    72.594   1.1864E-22   3.5304E-23   1.5395E-22
    73.442   1.2138E-22   3.6497E-23   1.5788E-22
    74.300   1.2412E-22   3.7720E-23   1.6184E-22
    75.168   1.2689E-22   3.8969E-23   1.6586E-22
    76.046   1.2951E-22   4.0238E-23   1.6975E-22
    76.935   1.3212E-22   4.1529E-23   1.7364E-22
    77.834   1.3465E-22   4.2840E-23   1.7749E-22
    78.743   1.3713E-22   4.4171E-23   1.8130E-22
    79.663   1.3955E-22   4.5517E-23   1.8507E-22
    80.594   1.4190E-22   4.6874E-23   1.8878E-22
    81.536   1.4419E-22   4.8240E-23   1.9243E-22
    82.489   1.4639E-22   4.9615E-23   1.9601E-22
    83.452   1.4854E-22   5.0997E-23   1.9953E-22
    84.428   1.5056E-22   5.2383E-23   2.0295E-22
    85.414   1.5261E-22   5.3769E-23   2.0638E-22
    86.412   1.5443E-22   5.5157E-23   2.0959E-22
    87.422   1.5621E-22   5.6537E-23   2.1275E-22
    88.443   1.5782E-22   5.7904E-23   2.1573E-22
    89.477   1.5932E-22   5.9242E-23   2.1856E-22
    90.522   1.6069E-22   6.0561E-23   2.2125E-22
    91.580   1.6195E-22   6.1860E-23   2.2381E-22
    92.650   1.6308E-22   6.3153E-23   2.2623E-22
    93.732   1.6408E-22   6.4424E-23   2.2850E-22
    94.828   1.6495E-22   6.5666E-23   2.3062E-22
    95.936   1.6569E-22   6.6870E-23   2.3256E-22
    97.057   1.6628E-22   6.8032E-23   2.3431E-22
    98.191   1.6677E-22   6.9153E-23   2.3592E-22
    99.338   1.6710E-22   7.0226E-23   2.3732E-22
   100.499   1.6737E-22   7.1251E-23   2.3862E-22
   101.673   1.6744E-22   7.2228E-23   2.3967E-22
   102.861   1.6738E-22   7.3159E-23   2.4054E-22
   104.063   1.6726E-22   7.4043E-23   2.4130E-22
   105.279   1.6695E-22   7.4878E-23   2.4183E-22
   106.509   1.6653E-22   7.5658E-23   2.4219E-22
   107.753   1.6600E-22   7.6382E-23   2.4239E-22
   109.012   1.6537E-22   7.7049E-23   2.4242E-22
   110.286   1.6464E-22   7.7656E-23   2.4229E-22
   111.575   1.6381E-22   7.8203E-23   2.4201E-22
   112.878   1.6289E-22   7.8687E-23   2.4158E-22
   114.197   1.6189E-22   7.9108E-23   2.4100E-22
   115.532   1.6087E-22   7.9462E-23   2.4033E-22
   116.881   1.5978E-22   7.9750E-23   2.3953E-22
   118.247   1.5857E-22   7.9971E-23   2.3854E-22
   119.629   1.5731E-22   8.0111E-23   2.3743E-22
   121.027   1.5600E-22   8.0187E-23   2.3619E-22
   122.441   1.5465E-22   8.0198E-23   2.3485E-22
   123.871   1.5328E-22   8.0144E-23   2.3343E-22
   125.319   1.5188E-22   8.0031E-23   2.3191E-22
   126.783   1.5045E-22   7.9854E-23   2.3030E-22
   128.264   1.4902E-22   7.9615E-23   2.2863E-22
   129.763   1.4752E-22   7.9313E-23   2.2683E-22
   131.279   1.4597E-22   7.8950E-23   2.2492E-22
   132.813   1.4434E-22   7.8529E-23   2.2287E-22
   134.365   1.4260E-22   7.8049E-23   2.2065E-22
   135.935   1.4072E-22   7.7511E-23   2.1823E-22
   137.523   1.3866E-22   7.6918E-23   2.1558E-22
   139.130   1.3634E-22   7.6272E-23   2.1261E-22
   140.756   1.3379E-22   7.5574E-23   2.0936E-22
   142.401   1.3101E-22   7.4826E-23   2.0583E-22
   144.064   1.2803E-22   7.4031E-23   2.0206E-22
   145.748   1.2491E-22   7.3190E-23   1.9810E-22
   147.451   1.2169E-22   7.2307E-23   1.9399E-22
   149.174   1.1839E-22   7.1382E-23   1.8977E-22
   150.917   1.1508E-22   7.0418E-23   1.8550E-22
   152.680   1.1177E-22   6.9418E-23   1.8119E-22
   154.464   1.0849E-22   6.8385E-23   1.7687E-22
   156.269   1.0525E-22   6.7320E-23   1.7257E-22
   158.095   1.0206E-22   6.6225E-23   1.6828E-22
   159.942   9.8944E-23   6.5104E-23   1.6405E-22
   161.811   9.5891E-23   6.3958E-23   1.5985E-22
   163.701   9.2884E-23   6.2791E-23   1.5567E-22
   165.614   8.9941E-23   6.1605E-23   1.5155E-22
   167.549   8.7061E-23   6.0401E-23   1.4746E-22
   169.507   8.4258E-23   5.9182E-23   1.4344E-22
   171.487   8.1503E-23   5.7951E-23   1.3945E-22
   173.491   7.8811E-23   5.6710E-23   1.3552E-22
   175.518   7.6180E-23   5.5460E-23   1.3164E-22
   177.569   7.3610E-23   5.4204E-23   1.2781E-22
   179.644   7.1101E-23   5.2946E-23   1.2405E-22
   181.743   6.8651E-23   5.1684E-23   1.2034E-22
   183.867   6.6272E-23   5.0422E-23   1.1669E-22
   186.015   6.3945E-23   4.9162E-23   1.1311E-22
   188.188   6.1671E-23   4.7905E-23   1.0958E-22
   190.387   5.9455E-23   4.6654E-23   1.0611E-22
   192.612   5.7297E-23   4.5409E-23   1.0271E-22
   194.862   5.5203E-23   4.4172E-23   9.9375E-23
   197.139   5.3158E-23   4.2945E-23   9.6102E-23
   199.443   5.1168E-23   4.1729E-23   9.2897E-23
   201.773   4.9235E-23   4.0526E-23   8.9760E-23
   204.131   4.7356E-23   3.9336E-23   8.6692E-23
   206.516   4.5538E-23   3.8162E-23   8.3700E-23
   208.929   4.3767E-23   3.7002E-23   8.0769E-23
   211.370   4.2049E-23   3.5859E-23   7.7908E-23
   213.840   4.0383E-23   3.4733E-23   7.5117E-23
   216.338   3.8769E-23   3.3625E-23   7.2394E-23
   218.866   3.7207E-23   3.2537E-23   6.9743E-23
   221.423   3.5693E-23   3.1467E-23   6.7160E-23
   224.011   3.4231E-23   3.0418E-23   6.4649E-23
   226.628   3.2815E-23   2.9390E-23   6.2205E-23
   229.276   3.1446E-23   2.8383E-23   5.9828E-23
   231.955   3.0123E-23   2.7397E-23   5.7520E-23
   234.665   2.8849E-23   2.6433E-23   5.5282E-23
   237.407   2.7616E-23   2.5492E-23   5.3108E-23
   240.181   2.6427E-23   2.4572E-23   5.1000E-23
   242.988   2.5281E-23   2.3675E-23   4.8956E-23
   245.827   2.4176E-23   2.2801E-23   4.6977E-23
   248.699   2.3112E-23   2.1949E-23   4.5062E-23
   251.605   2.2088E-23   2.1120E-23   4.3208E-23
   254.545   2.1102E-23   2.0313E-23   4.1415E-23
   257.519   2.0154E-23   1.9528E-23   3.9682E-23
   260.528   1.9242E-23   1.8766E-23   3.8008E-23
   263.572   1.8367E-23   1.8026E-23   3.6393E-23
   266.652   1.7525E-23   1.7308E-23   3.4833E-23
   269.767   1.6717E-23   1.6612E-23   3.3329E-23
   272.919   1.5941E-23   1.5937E-23   3.1879E-23
   276.108   1.5197E-23   1.5285E-23   3.0482E-23
   279.334   1.4483E-23   1.4653E-23   2.9136E-23
   282.598   1.3799E-23   1.4042E-23   2.7841E-23
   285.900   1.3143E-23   1.3452E-23   2.6595E-23
   289.241   1.2515E-23   1.2881E-23   2.5396E-23
   292.620   1.1914E-23   1.2330E-23   2.4244E-23
   296.040   1.1339E-23   1.1798E-23   2.3137E-23
   299.499   1.0788E-23   1.1286E-23   2.2074E-23
   302.998   1.0262E-23   1.0792E-23   2.1054E-23
   306.538   9.7583E-24   1.0316E-23   2.0075E-23
   310.120   9.2771E-24   9.8586E-24   1.9136E-23
   313.744   8.8174E-24   9.4180E-24   1.8235E-23
   317.410   8.3784E-24   8.9945E-24   1.7373E-23
   321.118   7.9592E-24   8.5868E-24   1.6546E-23
   324.870   7.5592E-24   8.1951E-24   1.5754E-23
   328.666   7.1776E-24   7.8189E-24   1.4997E-23
   332.507   6.8136E-24   7.4576E-24   1.4271E-23
   336.392   6.4666E-24   7.1107E-24   1.3577E-23
   340.322   6.1359E-24   6.7779E-24   1.2914E-23
   344.299   5.8207E-24   6.4588E-24   1.2279E-23
   348.322   5.5204E-24   6.1528E-24   1.1673E-23
   352.392   5.2345E-24   5.8598E-24   1.1094E-23
   356.509   4.9623E-24   5.5790E-24   1.0541E-23
   360.675   4.7033E-24   5.3102E-24   1.0014E-23
   364.889   4.4568E-24   5.0527E-24   9.5095E-24
   369.152   4.2224E-24   4.8063E-24   9.0287E-24
   373.466   3.9994E-24   4.5707E-24   8.5701E-24
   377.829   3.7875E-24   4.3457E-24   8.1332E-24
   382.244   3.5861E-24   4.1305E-24   7.7166E-24
   386.710   3.3947E-24   3.9249E-24   7.3196E-24
   391.229   3.2129E-24   3.7285E-24   6.9414E-24
   395.800   3.0403E-24   3.5411E-24   6.5814E-24
   400.425   2.8764E-24   3.3623E-24   6.2387E-24
   405.104   2.7208E-24   3.1918E-24   5.9126E-24
   409.837   2.5732E-24   3.0291E-24   5.6023E-24
   414.626   2.4331E-24   2.8742E-24   5.3073E-24
   419.470   2.3003E-24   2.7264E-24   5.0267E-24
   424.372   2.1743E-24   2.5857E-24   4.7600E-24
   429.330   2.0549E-24   2.4516E-24   4.5064E-24
   434.347   1.9417E-24   2.3239E-24   4.2656E-24
   439.422   1.8344E-24   2.2024E-24   4.0368E-24
   444.556   1.7328E-24   2.0868E-24   3.8196E-24
   449.750   1.6365E-24   1.9769E-24   3.6134E-24
   455.005   1.5453E-24   1.8723E-24   3.4176E-24
   460.322   1.4590E-24   1.7729E-24   3.2319E-24
   465.701   1.3773E-24   1.6784E-24   3.0557E-24
   471.142   1.2999E-24   1.5887E-24   2.8886E-24
   476.647   1.2267E-24   1.5035E-24   2.7302E-24
   482.216   1.1575E-24   1.4225E-24   2.5800E-24
   487.851   1.0920E-24   1.3456E-24   2.4377E-24
   493.551   1.0301E-24   1.2727E-24   2.3028E-24
   499.318   9.7152E-25   1.2035E-24   2.1750E-24
   505.152   9.1616E-25   1.1378E-24   2.0540E-24
   511.054   8.6383E-25   1.0755E-24   1.9394E-24
   517.026   8.1438E-25   1.0165E-24   1.8308E-24
   523.067   7.6765E-25   9.6048E-25   1.7281E-24
   529.179   7.2351E-25   9.0742E-25   1.6309E-24
   535.362   6.8182E-25   8.5714E-25   1.5390E-24
   541.617   6.4245E-25   8.0956E-25   1.4520E-24
   547.946   6.0527E-25   7.6444E-25   1.3697E-24
   554.348   5.7018E-25   7.2172E-25   1.2919E-24
   560.825   5.3705E-25   6.8128E-25   1.2183E-24
   567.378   5.0578E-25   6.4299E-25   1.1488E-24
   574.008   4.7628E-25   6.0678E-25   1.0831E-24
   580.715   4.4845E-25   5.7251E-25   1.0210E-24
   587.500   4.2219E-25   5.4009E-25   9.6228E-25
   594.364   3.9742E-25   5.0942E-25   9.0685E-25
   601.309   3.7407E-25   4.8043E-25   8.5450E-25
   608.335   3.5205E-25   4.5302E-25   8.0507E-25
   615.443   3.3128E-25   4.2712E-25   7.5840E-25
   622.634   3.1171E-25   4.0265E-25   7.1436E-25
   629.909   2.9327E-25   3.7951E-25   6.7278E-25
   637.269   2.7588E-25   3.5766E-25   6.3354E-25
   644.716   2.5950E-25   3.3702E-25   5.9653E-25
   652.249   2.4407E-25   3.1753E-25   5.6160E-25
   659.870   2.2953E-25   2.9913E-25   5.2866E-25
   667.580   2.1584E-25   2.8176E-25   4.9760E-25
   675.380   2.0294E-25   2.6536E-25   4.6830E-25
   683.272   1.9080E-25   2.4989E-25   4.4069E-25
   691.255   1.7937E-25   2.3529E-25   4.1465E-25
   699.332   1.6860E-25   2.2151E-25   3.9011E-25
   707.503   1.5847E-25   2.0852E-25   3.6699E-25
   715.770   1.4893E-25   1.9626E-25   3.4520E-25
   724.134   1.3996E-25   1.8471E-25   3.2467E-25
   732.595   1.3151E-25   1.7381E-25   3.0533E-25
   741.155   1.2357E-25   1.6354E-25   2.8711E-25
   749.814   1.1609E-25   1.5386E-25   2.6995E-25
   758.576   1.0906E-25   1.4474E-25   2.5380E-25
   767.439   1.0244E-25   1.3614E-25   2.3858E-25
   776.406   9.6221E-26   1.2804E-25   2.2426E-25
   785.478   9.0370E-26   1.2041E-25   2.1078E-25
   794.656   8.4869E-26   1.1323E-25   1.9810E-25
   803.941   7.9697E-26   1.0646E-25   1.8616E-25
   813.334   7.4834E-26   1.0009E-25   1.7492E-25
   822.838   7.0264E-26   9.4090E-26   1.6435E-25
   832.452   6.5967E-26   8.8442E-26   1.5441E-25
   842.179   6.1929E-26   8.3125E-26   1.4505E-25
   852.019   5.8135E-26   7.8121E-26   1.3626E-25
   861.974   5.4569E-26   7.3412E-26   1.2798E-25
   872.046   5.1219E-26   6.8982E-26   1.2020E-25
   882.235   4.8071E-26   6.4813E-26   1.1288E-25
   892.544   4.5114E-26   6.0891E-26   1.0601E-25
   902.973   4.2337E-26   5.7202E-26   9.9539E-26
   913.523   3.9728E-26   5.3733E-26   9.3461E-26
   924.197   3.7278E-26   5.0470E-26   8.7748E-26
   934.996   3.4976E-26   4.7402E-26   8.2379E-26
   945.921   3.2816E-26   4.4517E-26   7.7333E-26
   956.973   3.0787E-26   4.1805E-26   7.2592E-26
   968.155   2.8882E-26   3.9256E-26   6.8137E-26
   979.467   2.7093E-26   3.6859E-26   6.3952E-26
   990.912   2.5414E-26   3.4607E-26   6.0021E-26
  1002.490   2.3838E-26   3.2490E-26   5.6328E-26
  1014.204   2.2359E-26   3.0501E-26   5.2860E-26
  1026.054   2.0970E-26   2.8632E-26   4.9603E-26
  1038.043   1.9667E-26   2.6877E-26   4.6544E-26
  1050.172   1.8444E-26   2.5227E-26   4.3671E-26
  1062.442   1.7296E-26   2.3677E-26   4.0974E-26
  1074.856   1.6220E-26   2.2222E-26   3.8442E-26
  1087.415   1.5209E-26   2.0855E-26   3.6064E-26
  1100.121   1.4261E-26   1.9571E-26   3.3832E-26
  1112.975   1.3372E-26   1.8365E-26   3.1737E-26
  1125.980   1.2538E-26   1.7233E-26   2.9770E-26
  1139.136   1.1755E-26   1.6169E-26   2.7925E-26
  1152.446   1.1021E-26   1.5171E-26   2.6192E-26
  1165.912   1.0333E-26   1.4234E-26   2.4567E-26
  1179.535   9.6868E-27   1.3354E-26   2.3041E-26
  1193.317   9.0811E-27   1.2528E-26   2.1609E-26
  1207.260   8.5131E-27   1.1753E-26   2.0266E-26
  1221.366   7.9804E-27   1.1025E-26   1.9005E-26
  1235.637   7.4808E-27   1.0341E-26   1.7822E-26
  1250.075   7.0124E-27   9.7001E-27   1.6712E-26
  1264.681   6.5732E-27   9.0983E-27   1.5672E-26
  1279.458   6.1614E-27   8.5336E-27   1.4695E-26
  1294.408   5.7753E-27   8.0038E-27   1.3779E-26
  1309.532   5.4132E-27   7.5067E-27   1.2920E-26
  1324.833   5.0738E-27   7.0402E-27   1.2114E-26
  1340.313   4.7556E-27   6.6027E-27   1.1358E-26
  1355.974   4.4574E-27   6.1921E-27   1.0649E-26
  1371.818   4.1777E-27   5.8070E-27   9.9848E-27
  1387.847   3.9156E-27   5.4458E-27   9.3614E-27
  1404.063   3.6699E-27   5.1069E-27   8.7768E-27
  1420.468   3.4396E-27   4.7891E-27   8.2286E-27
  1437.066   3.2237E-27   4.4909E-27   7.7146E-27
  1453.857   3.0213E-27   4.2113E-27   7.2326E-27
  1470.844   2.8316E-27   3.9490E-27   6.7807E-27
  1488.030   2.6539E-27   3.7031E-27   6.3569E-27
  1505.417   2.4873E-27   3.4724E-27   5.9597E-27
  1523.007   2.3311E-27   3.2562E-27   5.5873E-27
  1540.802   2.1847E-27   3.0534E-27   5.2382E-27
  1558.806   2.0476E-27   2.8632E-27   4.9108E-27
  1577.019   1.9190E-27   2.6849E-27   4.6039E-27
  1595.446   1.7986E-27   2.5176E-27   4.3162E-27
  1614.088   1.6857E-27   2.3608E-27   4.0465E-27
  1632.947   1.5799E-27   2.2137E-27   3.7936E-27
  1652.027   1.4807E-27   2.0758E-27   3.5565E-27
  1671.330   1.3878E-27   1.9465E-27   3.3343E-27
  1690.859   1.3007E-27   1.8253E-27   3.1260E-27
  1710.615   1.2191E-27   1.7116E-27   2.9307E-27
  1730.603   1.1426E-27   1.6050E-27   2.7476E-27
  1750.824   1.0710E-27   1.5050E-27   2.5760E-27
  1771.281   1.0038E-27   1.4113E-27   2.4151E-27
  1791.978   9.4086E-28   1.3234E-27   2.2643E-27
  1812.916   8.8188E-28   1.2410E-27   2.1229E-27
  1834.099   8.2661E-28   1.1638E-27   1.9904E-27
  1855.529   7.7482E-28   1.0913E-27   1.8662E-27
  1877.210   7.2628E-28   1.0234E-27   1.7497E-27
  1899.144   6.8080E-28   9.5975E-28   1.6406E-27
  1921.334   6.3817E-28   9.0005E-28   1.5382E-27
  1943.784   5.9823E-28   8.4407E-28   1.4423E-27
  1966.496   5.6079E-28   7.9159E-28   1.3524E-27
  1989.473   5.2571E-28   7.4238E-28   1.2681E-27
  2012.719   4.9283E-28   6.9624E-28   1.1891E-27
  2036.236   4.6202E-28   6.5297E-28   1.1150E-27
  2060.028   4.3315E-28   6.1241E-28   1.0456E-27
  2084.098   4.0609E-28   5.7438E-28   9.8046E-28
  2108.450   3.8072E-28   5.3872E-28   9.1944E-28
  2133.086   3.5695E-28   5.0528E-28   8.6223E-28
  2158.010   3.3468E-28   4.7393E-28   8.0860E-28
  2183.225   3.1380E-28   4.4453E-28   7.5833E-28
  2208.734   2.9423E-28   4.1696E-28   7.1119E-28
  2234.542   2.7589E-28   3.9112E-28   6.6700E-28
  2260.651   2.5869E-28   3.6688E-28   6.2557E-28
  2287.066   2.4258E-28   3.4415E-28   5.8673E-28
  2313.789   2.2748E-28   3.2284E-28   5.5032E-28
  2340.824   2.1332E-28   3.0286E-28   5.1618E-28
  2368.175   2.0005E-28   2.8412E-28   4.8417E-28
  2395.846   1.8761E-28   2.6654E-28   4.5415E-28
  2423.840   1.7595E-28   2.5006E-28   4.2601E-28
  2452.161   1.6502E-28   2.3461E-28   3.9963E-28
  2480.813   1.5477E-28   2.2011E-28   3.7488E-28
  2509.799   1.4516E-28   2.0652E-28   3.5168E-28
  2539.125   1.3616E-28   1.9377E-28   3.2993E-28
  2568.793   1.2772E-28   1.8181E-28   3.0953E-28
  2598.808   1.1980E-28   1.7060E-28   2.9040E-28
  2629.173   1.1238E-28   1.6008E-28   2.7246E-28
  2659.894   1.0542E-28   1.5022E-28   2.5564E-28
  2690.973   9.8895E-29   1.4097E-28   2.3986E-28
  2722.415   9.2778E-29   1.3229E-28   2.2507E-28
  2754.225   8.7041E-29   1.2415E-28   2.1119E-28
  2786.407   8.1662E-29   1.1651E-28   1.9817E-28
  2818.964   7.6619E-29   1.0935E-28   1.8597E-28
  2851.902   7.1889E-29   1.0263E-28   1.7452E-28
  2885.225   6.7453E-29   9.6324E-29   1.6378E-28
  2918.937   6.3293E-29   9.0410E-29   1.5370E-28
  2953.043   5.9392E-29   8.4862E-29   1.4425E-28
  2987.547   5.5734E-29   7.9657E-29   1.3539E-28
  3022.455   5.2302E-29   7.4774E-29   1.2708E-28
  3057.770   4.9084E-29   7.0193E-29   1.1928E-28
  3093.499   4.6065E-29   6.5894E-29   1.1196E-28
  3129.644   4.3233E-29   6.1860E-29   1.0509E-28
  3166.212   4.0577E-29   5.8076E-29   9.8653E-29
  3203.208   3.8085E-29   5.4524E-29   9.2610E-29
  3240.635   3.5748E-29   5.1192E-29   8.6940E-29
  3278.500   3.3555E-29   4.8065E-29   8.1620E-29
  3316.807   3.1498E-29   4.5130E-29   7.6628E-29
  3355.562   2.9569E-29   4.2376E-29   7.1944E-29
  3394.770   2.7758E-29   3.9791E-29   6.7549E-29
  3434.436   2.6059E-29   3.7365E-29   6.3424E-29
  3474.565   2.4465E-29   3.5089E-29   5.9554E-29
  3515.163   2.2970E-29   3.2952E-29   5.5921E-29
  3556.236   2.1566E-29   3.0946E-29   5.2512E-29
  3597.788   2.0249E-29   2.9064E-29   4.9313E-29
  3639.826   1.9013E-29   2.7296E-29   4.6310E-29
  3682.355   1.7854E-29   2.5638E-29   4.3491E-29
  3725.381   1.6765E-29   2.4080E-29   4.0846E-29
  3768.910   1.5744E-29   2.2618E-29   3.8362E-29
  3812.948   1.4785E-29   2.1246E-29   3.6031E-29
  3857.500   1.3885E-29   1.9958E-29   3.3843E-29
  3902.572   1.3041E-29   1.8748E-29   3.1789E-29
  3948.171   1.2248E-29   1.7612E-29   2.9860E-29
  3994.303   1.1504E-29   1.6546E-29   2.8050E-29
  4040.974   1.0805E-29   1.5545E-29   2.6350E-29
  4088.191   1.0150E-29   1.4604E-29   2.4754E-29
  4135.959   9.5339E-30   1.3721E-29   2.3255E-29
  4184.285   8.9560E-30   1.2892E-29   2.1848E-29
  4233.176   8.4134E-30   1.2114E-29   2.0527E-29
  4282.638   7.9039E-30   1.1383E-29   1.9287E-29
  4332.678   7.4255E-30   1.0696E-29   1.8122E-29
  4383.302   6.9764E-30   1.0051E-29   1.7027E-29
  4434.519   6.5546E-30   9.4454E-30   1.6000E-29
  4486.333   6.1586E-30   8.8765E-30   1.5035E-29
  4538.753   5.7867E-30   8.3421E-30   1.4129E-29
  4591.786   5.4375E-30   7.8402E-30   1.3278E-29
  4645.438   5.1095E-30   7.3687E-30   1.2478E-29
  4699.717   4.8014E-30   6.9258E-30   1.1727E-29
  4754.631   4.5121E-30   6.5097E-30   1.1022E-29
  4810.186   4.2404E-30   6.1188E-30   1.0359E-29
  4866.390   3.9852E-30   5.7516E-30   9.7367E-30
  4923.251   3.7454E-30   5.4066E-30   9.1520E-30
  4980.776   3.5202E-30   5.0824E-30   8.6027E-30
  5038.973   3.3087E-30   4.7779E-30   8.0866E-30
  5097.850   3.1100E-30   4.4917E-30   7.6017E-30
  5157.416   2.9233E-30   4.2228E-30   7.1461E-30
  5217.677   2.7479E-30   3.9702E-30   6.7180E-30
  5278.642   2.5831E-30   3.7327E-30   6.3158E-30
  5340.320   2.4283E-30   3.5096E-30   5.9379E-30
  5402.718   2.2828E-30   3.2999E-30   5.5828E-30
  5465.846   2.1461E-30   3.1029E-30   5.2490E-30
  5529.711   2.0177E-30   2.9177E-30   4.9354E-30
  5594.322   1.8970E-30   2.7436E-30   4.6407E-30
  5659.689   1.7836E-30   2.5800E-30   4.3637E-30
  5725.819   1.6771E-30   2.4263E-30   4.1033E-30
  5792.721   1.5769E-30   2.2817E-30   3.8586E-30
  5860.406   1.4828E-30   2.1459E-30   3.6286E-30
  5928.881   1.3943E-30   2.0182E-30   3.4125E-30
  5998.156   1.3112E-30   1.8981E-30   3.2093E-30
  6068.241   1.2330E-30   1.7853E-30   3.0183E-30
  6139.145   1.1596E-30   1.6792E-30   2.8387E-30
  6210.877   1.0905E-30   1.5794E-30   2.6699E-30
  6283.448   1.0256E-30   1.4856E-30   2.5113E-30
  6356.866   9.6461E-31   1.3975E-30   2.3621E-30
  6431.142   9.0726E-31   1.3146E-30   2.2218E-30
  6506.286   8.5335E-31   1.2366E-30   2.0900E-30
  6582.308   8.0266E-31   1.1633E-30   1.9660E-30
  6659.218   7.5500E-31   1.0944E-30   1.8494E-30
  6737.027   7.1020E-31   1.0296E-30   1.7398E-30
  6815.745   6.6807E-31   9.6868E-31   1.6368E-30
  6895.383   6.2846E-31   9.1137E-31   1.5398E-30
  6975.951   5.9122E-31   8.5748E-31   1.4487E-30
  7057.461   5.5620E-31   8.0680E-31   1.3630E-30
  7139.923   5.2327E-31   7.5913E-31   1.2824E-30
  7223.349   4.9230E-31   7.1430E-31   1.2066E-30
  7307.749   4.6318E-31   6.7213E-31   1.1353E-30
  7393.136   4.3580E-31   6.3247E-31   1.0683E-30
  7479.520   4.1004E-31   5.9517E-31   1.0052E-30
  7566.914   3.8582E-31   5.6008E-31   9.4589E-31
  7655.329   3.6304E-31   5.2707E-31   8.9011E-31
  7744.777   3.4161E-31   4.9602E-31   8.3763E-31
  7835.270   3.2145E-31   4.6681E-31   7.8827E-31
  7926.820   3.0250E-31   4.3934E-31   7.4183E-31
  8019.440   2.8467E-31   4.1349E-31   6.9815E-31
  8113.142   2.6789E-31   3.8917E-31   6.5706E-31
  8207.939   2.5211E-31   3.6629E-31   6.1841E-31
  8303.844   2.3727E-31   3.4477E-31   5.8204E-31
  8400.870   2.2331E-31   3.2451E-31   5.4782E-31
  8499.029   2.1017E-31   3.0546E-31   5.1563E-31
  8598.335   1.9781E-31   2.8753E-31   4.8534E-31
  8698.801   1.8619E-31   2.7066E-31   4.5684E-31
  8800.441   1.7525E-31   2.5478E-31   4.3003E-31
  8903.269   1.6495E-31   2.3985E-31   4.0480E-31
  9007.298   1.5527E-31   2.2579E-31   3.8106E-31
  9112.543   1.4616E-31   2.1256E-31   3.5872E-31
  9219.018   1.3758E-31   2.0011E-31   3.3770E-31
  9326.736   1.2952E-31   1.8840E-31   3.1791E-31
  9435.714   1.2192E-31   1.7737E-31   2.9930E-31
  9545.964   1.1478E-31   1.6700E-31   2.8178E-31
  9657.503   1.0806E-31   1.5723E-31   2.6529E-31
  9770.345   1.0173E-31   1.4804E-31   2.4977E-31
  9884.506   9.5776E-32   1.3939E-31   2.3516E-31
 10000.000   9.0173E-32   1.3124E-31   2.2142E-31
  1.270   1.110   1.438  2.1107E-27
  2.220   2.038   2.409  2.5127E-27
  3.530   3.060   4.028  1.7288E-26
  4.880   4.566   5.239  6.2511E-27
 12.290   8.604  16.689  4.3476E-26
 20.790  16.606  25.542  2.3055E-26
 55.990  43.404  70.686  4.2843E-26
 97.700  85.076 116.069  1.7650E-25
147.890 132.594 167.727  2.1623E-25
247.860 196.422 297.248  9.7228E-26
 12.000   8.500  15.000  5.6134E-26
 25.000  19.000  30.000  2.2340E-26
 60.000  40.000  80.000  5.0325E-26
100.000  83.000 120.000  1.8140E-25
  3.500   3.180   3.920  2.1246E-26
  4.500   4.000   5.020  4.6387E-27
  5.800   5.000   6.410  3.2612E-26
  8.000   6.450   9.320  7.7076E-26
 24.000  20.800  26.100  1.8450E-26
 70.000  61.000  80.000  8.4360E-26
160.000 139.600 174.200  2.1864E-25
