#Convert the frequency to wavelength by SGJY.
#wavelength RSR
2.001000e+01 5.676349e-11
2.002000e+01 5.843609e-11
2.003000e+01 6.175105e-11
2.004010e+01 6.537492e-11
2.005010e+01 6.832980e-11
2.006020e+01 6.884585e-11
2.007020e+01 6.259088e-11
2.008030e+01 5.450177e-11
2.009040e+01 5.098718e-11
2.010050e+01 4.850723e-11
2.011060e+01 4.482283e-11
2.012070e+01 4.115271e-11
2.013080e+01 3.933152e-11
2.014100e+01 3.927266e-11
2.015110e+01 3.738272e-11
2.016130e+01 3.435053e-11
2.017150e+01 3.319897e-11
2.018160e+01 3.299524e-11
2.019180e+01 3.201745e-11
2.020200e+01 2.989799e-11
2.021220e+01 3.246922e-11
2.022240e+01 4.113429e-11
2.023270e+01 4.822508e-11
2.024290e+01 5.144590e-11
2.025320e+01 5.235735e-11
2.026340e+01 5.550960e-11
2.027370e+01 5.863701e-11
2.028400e+01 5.648070e-11
2.029430e+01 5.210868e-11
2.030460e+01 4.852052e-11
2.031490e+01 4.406659e-11
2.032520e+01 3.961041e-11
2.033550e+01 3.590662e-11
2.034590e+01 3.240586e-11
2.035620e+01 3.003645e-11
2.036660e+01 3.079803e-11
2.037700e+01 3.221699e-11
2.038740e+01 3.183356e-11
2.039780e+01 2.798055e-11
2.040820e+01 2.496259e-11
2.041860e+01 2.698209e-11
2.042900e+01 3.096264e-11
2.043940e+01 3.385962e-11
2.044990e+01 3.438034e-11
2.046040e+01 3.406363e-11
2.047080e+01 3.441957e-11
2.048130e+01 3.610238e-11
2.049180e+01 3.721226e-11
2.050230e+01 3.584863e-11
2.051280e+01 3.334953e-11
2.052330e+01 3.094908e-11
2.053390e+01 2.893551e-11
2.054440e+01 2.762653e-11
2.055500e+01 2.601241e-11
2.056560e+01 2.207927e-11
2.057610e+01 1.814089e-11
2.058670e+01 1.716865e-11
2.059730e+01 1.789982e-11
2.060790e+01 1.870349e-11
2.061860e+01 1.861909e-11
2.062920e+01 1.757490e-11
2.063980e+01 1.634234e-11
2.065050e+01 1.640823e-11
2.066120e+01 1.704714e-11
2.067180e+01 1.699316e-11
2.068250e+01 1.816651e-11
2.069320e+01 2.027435e-11
2.070390e+01 2.107490e-11
2.071470e+01 2.073885e-11
2.072540e+01 2.017399e-11
2.073610e+01 1.976855e-11
2.074690e+01 2.069873e-11
2.075770e+01 2.169608e-11
2.076840e+01 1.888765e-11
2.077920e+01 1.327058e-11
2.079000e+01 1.019557e-11
2.080080e+01 9.862525e-12
2.081170e+01 1.103911e-11
2.082250e+01 1.147623e-11
2.083330e+01 1.170986e-11
2.084420e+01 1.325618e-11
2.085510e+01 1.632419e-11
2.086590e+01 2.107645e-11
2.087680e+01 2.706779e-11
2.088770e+01 2.920665e-11
2.089860e+01 2.651420e-11
2.090960e+01 2.521914e-11
2.092050e+01 2.479466e-11
2.093140e+01 2.260279e-11
2.094240e+01 2.044242e-11
2.095340e+01 1.854300e-11
2.096440e+01 1.563889e-11
2.097540e+01 1.105012e-11
2.098640e+01 6.687496e-12
2.099740e+01 7.479586e-12
2.100840e+01 1.012735e-11
2.101940e+01 9.247038e-12
2.103050e+01 5.801743e-12
2.104160e+01 2.920690e-12
2.105260e+01 3.874504e-12
2.106370e+01 7.549879e-12
2.107480e+01 1.125805e-11
2.108590e+01 1.226436e-11
2.109700e+01 1.151883e-11
2.110820e+01 1.132699e-11
2.111930e+01 1.309500e-11
2.113050e+01 1.584442e-11
2.114160e+01 1.734194e-11
2.115280e+01 1.851069e-11
2.116400e+01 1.974411e-11
2.117520e+01 1.952577e-11
2.118640e+01 1.927998e-11
2.119770e+01 2.035728e-11
2.120890e+01 2.030763e-11
2.122020e+01 1.923292e-11
2.123140e+01 2.008516e-11
2.124270e+01 2.130036e-11
2.125400e+01 2.172264e-11
2.126530e+01 2.172527e-11
2.127660e+01 2.075348e-11
2.128790e+01 1.782841e-11
2.129930e+01 1.637485e-11
2.131060e+01 1.631724e-11
2.132200e+01 1.524110e-11
2.133330e+01 1.478604e-11
2.134470e+01 1.572660e-11
2.135610e+01 1.583448e-11
2.136750e+01 1.420839e-11
2.137890e+01 1.151182e-11
2.139040e+01 1.140683e-11
2.140180e+01 1.333260e-11
2.141330e+01 1.371680e-11
2.142470e+01 1.242292e-11
2.143620e+01 1.032323e-11
2.144770e+01 7.976138e-12
2.145920e+01 5.903842e-12
2.147070e+01 4.477537e-12
2.148230e+01 4.195316e-12
2.149380e+01 4.116096e-12
2.150540e+01 3.187957e-12
2.151690e+01 2.522956e-12
2.152850e+01 2.373003e-12
2.154010e+01 1.949594e-12
2.155170e+01 1.625553e-12
2.156330e+01 1.694593e-12
2.157500e+01 1.660810e-12
2.158660e+01 1.627440e-12
2.159830e+01 1.914755e-12
2.160990e+01 1.913027e-12
2.162160e+01 1.564422e-12
2.163330e+01 1.364117e-12
2.164500e+01 1.272203e-12
2.165670e+01 1.151776e-12
2.166850e+01 1.050108e-12
2.168020e+01 9.838463e-13
2.169200e+01 9.528660e-13
2.170370e+01 1.017378e-12
2.171550e+01 1.173536e-12
2.172730e+01 1.215709e-12
2.173910e+01 1.142617e-12
2.175100e+01 1.208913e-12
2.176280e+01 1.197819e-12
2.177460e+01 1.076339e-12
2.178650e+01 1.078153e-12
2.179840e+01 1.089258e-12
2.181030e+01 9.649120e-13
2.182210e+01 8.195609e-13
2.183410e+01 7.910759e-13
2.184600e+01 9.056001e-13
2.185790e+01 1.075206e-12
2.186990e+01 1.247163e-12
2.188180e+01 1.395090e-12
2.189380e+01 1.610160e-12
2.190580e+01 1.869604e-12
2.191780e+01 1.900948e-12
2.192980e+01 1.713788e-12
2.194190e+01 1.531923e-12
2.195390e+01 1.388467e-12
2.196600e+01 1.271927e-12
2.197800e+01 1.228152e-12
2.199010e+01 1.158592e-12
2.200220e+01 9.853672e-13
2.201430e+01 5.583386e-13
2.202640e+01 1.509266e-13
2.203860e+01 6.335937e-14
2.205070e+01 4.069990e-14
2.206290e+01 5.968295e-14
2.207510e+01 5.467116e-13
2.208720e+01 1.625040e-12
2.209940e+01 3.115277e-12
2.211170e+01 4.569408e-12
2.212390e+01 5.929878e-12
2.213610e+01 7.892782e-12
2.214840e+01 1.259743e-11
2.216070e+01 1.811096e-11
2.217290e+01 1.909900e-11
2.218520e+01 1.816761e-11
2.219760e+01 1.791659e-11
2.220990e+01 1.569562e-11
2.222220e+01 1.286599e-11
2.223460e+01 1.188802e-11
2.224690e+01 9.122611e-12
2.225930e+01 5.359147e-12
2.227170e+01 5.160781e-12
2.228410e+01 5.732765e-12
2.229650e+01 4.466613e-12
2.230900e+01 3.643949e-12
2.232140e+01 3.137927e-12
2.233390e+01 1.412255e-12
2.234640e+01 3.550731e-13
2.235890e+01 8.542173e-13
2.237140e+01 1.447385e-12
2.238390e+01 1.419533e-12
2.239640e+01 4.881708e-12
2.240900e+01 2.074227e-11
2.242150e+01 3.085575e-11
2.243410e+01 2.489826e-11
2.244670e+01 2.594176e-11
2.245930e+01 2.649908e-11
2.247190e+01 1.981481e-11
2.248450e+01 1.759499e-11
2.249720e+01 1.761269e-11
2.250980e+01 1.213360e-11
2.252250e+01 9.017829e-12
2.253520e+01 1.563631e-11
2.254790e+01 1.113208e-11
2.256060e+01 2.627696e-12
2.257340e+01 3.257483e-12
2.258610e+01 6.930172e-12
2.259890e+01 1.075025e-11
2.261160e+01 2.260391e-11
2.262440e+01 2.531419e-11
2.263720e+01 1.793140e-11
2.265010e+01 1.782918e-11
2.266290e+01 1.304517e-11
2.267570e+01 4.135369e-12
2.268860e+01 1.074609e-12
2.270150e+01 7.865233e-13
2.272730e+01 1.143695e-12
2.274020e+01 1.028786e-11
2.275310e+01 1.130565e-11
2.276610e+01 1.177135e-11
2.277900e+01 1.493783e-11
2.279200e+01 1.174717e-11
2.280500e+01 9.103588e-12
2.281800e+01 9.599327e-12
2.283110e+01 9.822839e-12
2.284410e+01 3.538227e-12
2.285710e+01 4.198134e-12
2.287020e+01 1.626994e-11
2.288330e+01 1.809922e-11
2.289640e+01 1.758177e-11
2.290950e+01 1.985789e-11
2.292260e+01 1.251830e-11
2.296210e+01 1.049136e-12
2.297530e+01 3.417833e-13
2.300170e+01 4.333580e-13
2.301500e+01 2.354765e-12
2.302820e+01 4.607255e-12
2.304150e+01 3.602402e-12
2.305480e+01 1.078675e-11
2.306810e+01 1.410926e-11
2.308140e+01 1.047294e-11
2.309470e+01 7.064489e-12
2.310800e+01 1.903601e-12
2.312140e+01 4.005205e-13
2.313480e+01 2.182822e-14
2.314810e+01 1.665426e-12
2.316160e+01 7.632003e-12
2.317500e+01 1.563987e-11
2.318840e+01 2.396405e-11
2.320190e+01 2.598444e-11
2.321530e+01 2.407924e-11
2.322880e+01 1.642736e-11
2.324230e+01 8.887690e-12
2.325580e+01 5.132629e-12
2.326930e+01 2.685715e-12
2.328290e+01 5.528368e-13
2.329640e+01 4.714651e-15
2.331000e+01 8.551801e-14
2.332360e+01 5.576606e-14
2.333720e+01 5.457621e-13
2.335080e+01 1.697400e-12
2.336450e+01 1.064459e-12
2.337810e+01 4.382572e-13
2.339180e+01 2.952519e-13
2.340550e+01 2.636421e-13
2.341920e+01 1.418566e-13
2.343290e+01 4.342952e-13
2.344670e+01 7.120572e-13
2.346040e+01 1.194982e-12
2.347420e+01 2.414933e-12
2.348800e+01 3.213843e-12
2.350180e+01 3.293643e-12
2.351560e+01 3.261406e-12
2.352940e+01 2.597690e-12
2.354330e+01 2.086726e-12
2.355710e+01 2.435822e-12
2.357100e+01 2.540113e-12
2.358490e+01 2.018367e-12
2.359880e+01 1.407113e-12
2.361280e+01 1.084199e-12
2.362670e+01 1.038873e-12
2.364070e+01 9.176614e-13
2.365460e+01 5.919743e-13
2.366860e+01 2.727716e-13
2.368270e+01 1.276124e-13
2.369670e+01 1.077018e-13
2.371070e+01 2.911101e-13
2.372480e+01 5.462879e-13
2.373890e+01 7.444307e-13
2.375300e+01 6.626758e-13
2.376710e+01 2.185283e-13
2.378120e+01 2.045587e-14
2.379540e+01 3.819712e-14
2.380950e+01 3.489206e-14
2.382370e+01 1.733365e-14
2.383790e+01 9.707864e-15
2.385210e+01 3.777106e-14
2.386630e+01 7.213274e-14
2.388060e+01 1.908692e-13
2.389490e+01 5.007428e-13
2.390910e+01 6.571169e-13
2.392340e+01 9.184091e-13
2.393780e+01 1.527201e-12
2.395210e+01 1.445812e-12
2.396640e+01 9.160438e-13
2.398080e+01 9.027261e-13
2.399520e+01 8.490801e-13
2.400960e+01 3.368535e-13
2.402400e+01 9.513600e-14
2.403850e+01 1.488936e-14
2.405290e+01 5.949592e-15
2.406740e+01 7.691392e-15
2.408190e+01 2.093250e-14
2.409640e+01 2.147776e-14
2.411090e+01 5.096133e-14
2.412550e+01 6.297626e-13
2.414000e+01 1.457262e-12
2.415460e+01 1.643455e-12
2.416920e+01 2.339987e-12
2.418380e+01 2.584114e-12
2.419840e+01 1.933473e-12
2.421310e+01 1.712042e-12
2.422770e+01 1.291237e-12
2.424240e+01 4.146198e-13
2.425710e+01 8.547393e-14
2.427180e+01 9.209266e-14
2.428660e+01 5.314074e-14
2.430130e+01 3.724842e-14
2.431610e+01 3.172673e-14
2.433090e+01 7.914810e-14
2.434570e+01 3.809994e-14
2.436050e+01 4.866901e-13
2.437540e+01 5.385971e-13
2.439020e+01 2.746511e-13
2.440510e+01 1.397387e-12
2.442000e+01 1.531498e-12
2.443490e+01 9.278167e-13
2.444990e+01 6.599675e-13
2.446480e+01 2.355695e-13
2.447980e+01 3.963690e-13
2.449480e+01 5.120869e-13
2.450980e+01 8.333325e-13
2.452480e+01 1.500293e-12
2.453990e+01 1.610999e-12
2.455490e+01 8.865747e-13
2.457000e+01 8.158308e-13
2.458510e+01 1.770961e-13
2.460020e+01 1.485697e-13
2.461540e+01 3.541085e-13
2.463050e+01 8.655029e-13
2.464570e+01 8.350885e-13
2.466090e+01 1.838265e-12
2.467610e+01 2.223754e-12
2.469140e+01 2.093660e-12
2.470660e+01 3.179297e-12
2.472190e+01 3.718797e-12
2.473720e+01 3.145406e-12
2.475250e+01 3.820405e-12
2.476780e+01 4.997749e-12
2.478310e+01 3.712144e-12
2.479850e+01 3.241415e-12
2.481390e+01 3.747682e-12
2.482930e+01 2.811145e-12
2.484470e+01 2.980374e-12
2.486020e+01 4.927776e-12
2.487560e+01 4.946136e-12
2.489110e+01 5.391310e-12
2.490660e+01 6.970628e-12
2.492210e+01 5.949715e-12
2.493770e+01 4.864102e-12
2.495320e+01 6.125780e-12
2.496880e+01 5.280980e-12
2.498440e+01 3.962455e-12
2.500000e+01 4.531594e-12
2.501560e+01 5.303854e-12
2.503130e+01 5.992950e-12
2.504700e+01 7.908893e-12
2.506270e+01 8.700874e-12
2.507840e+01 6.841405e-12
2.509410e+01 6.401753e-12
2.510990e+01 6.232516e-12
2.512560e+01 5.096769e-12
2.514140e+01 5.379430e-12
2.515720e+01 5.143841e-12
2.517310e+01 5.085047e-12
2.518890e+01 9.053414e-12
2.520480e+01 1.421674e-11
2.522070e+01 1.683336e-11
2.523660e+01 1.928935e-11
2.525250e+01 1.980649e-11
2.526850e+01 1.684149e-11
2.528450e+01 2.176365e-11
2.530040e+01 3.439986e-11
2.531650e+01 5.185407e-11
2.533250e+01 7.838110e-11
2.534850e+01 1.016760e-10
2.536460e+01 9.982522e-11
2.538070e+01 8.940349e-11
2.539680e+01 7.738506e-11
2.541300e+01 5.403134e-11
2.542910e+01 4.702673e-11
2.544530e+01 5.895267e-11
2.546150e+01 6.545763e-11
2.547770e+01 1.085469e-10
2.549390e+01 1.783525e-10
2.551020e+01 2.120969e-10
2.552650e+01 2.537785e-10
2.554280e+01 3.227453e-10
2.555910e+01 3.500995e-10
2.557540e+01 3.921321e-10
2.559180e+01 4.511036e-10
2.560820e+01 4.293402e-10
2.562460e+01 3.873626e-10
2.564100e+01 3.861965e-10
2.565750e+01 3.322164e-10
2.567390e+01 2.609292e-10
2.569040e+01 2.381682e-10
2.570690e+01 1.932408e-10
2.572350e+01 1.434813e-10
2.574000e+01 1.437259e-10
2.575660e+01 1.393159e-10
2.577320e+01 1.079013e-10
2.578980e+01 1.127702e-10
2.580650e+01 1.293846e-10
2.582310e+01 1.211036e-10
2.583980e+01 1.387961e-10
2.585650e+01 1.603543e-10
2.587320e+01 1.302399e-10
2.589000e+01 1.027514e-10
2.590670e+01 9.556465e-11
2.592350e+01 7.541161e-11
2.594030e+01 6.145191e-11
2.595720e+01 6.462540e-11
2.597400e+01 5.575105e-11
2.599090e+01 4.789953e-11
2.600780e+01 5.717256e-11
2.602470e+01 6.093475e-11
2.604170e+01 5.793014e-11
2.605860e+01 6.314712e-11
2.607560e+01 5.879052e-11
2.609260e+01 4.359789e-11
2.610970e+01 4.162013e-11
2.612670e+01 4.302199e-11
2.614380e+01 3.491357e-11
2.616090e+01 3.190607e-11
2.617800e+01 3.400585e-11
2.619520e+01 2.796977e-11
2.621230e+01 2.569297e-11
2.622950e+01 2.742946e-11
2.624670e+01 2.109850e-11
2.626400e+01 2.354764e-11
2.628120e+01 3.540815e-11
2.629850e+01 3.396812e-11
2.631580e+01 2.496560e-11
2.633310e+01 1.566840e-11
2.635050e+01 1.108098e-12
2.636780e+01 3.291650e-13
2.638520e+01 6.056539e-13
2.640260e+01 9.012246e-13
2.642010e+01 1.118716e-12
2.643750e+01 1.302469e-12
2.645500e+01 4.690035e-12
2.647250e+01 1.143271e-11
2.649010e+01 2.088416e-11
2.650760e+01 2.527862e-11
2.652520e+01 2.311753e-11
2.654280e+01 2.944490e-11
2.656040e+01 3.720345e-11
2.657810e+01 3.631871e-11
2.659570e+01 3.077726e-11
2.661340e+01 2.540514e-11
2.663120e+01 2.110031e-11
2.664890e+01 1.828698e-11
2.666670e+01 1.718847e-11
2.668450e+01 1.437077e-11
2.670230e+01 1.016622e-11
2.672010e+01 7.746821e-12
2.673800e+01 4.514153e-12
2.675590e+01 5.294675e-13
2.677380e+01 1.514611e-13
2.679170e+01 1.777514e-13
2.680970e+01 1.681890e-13
2.682760e+01 4.454177e-12
2.684560e+01 9.393527e-12
2.686370e+01 1.072043e-11
2.688170e+01 1.129028e-11
2.689980e+01 1.143124e-11
2.691790e+01 9.958549e-12
2.693600e+01 7.350231e-12
2.695420e+01 4.546513e-12
2.697240e+01 1.586182e-12
2.699060e+01 1.431641e-14
2.700880e+01 2.354761e-14
2.702700e+01 3.806751e-13
2.704530e+01 1.058607e-12
2.706360e+01 3.745853e-12
2.708190e+01 7.039242e-12
2.710030e+01 7.343041e-12
2.711860e+01 4.425417e-12
2.713700e+01 2.208166e-12
2.715550e+01 3.738916e-13
2.717390e+01 1.212191e-12
2.719240e+01 7.225802e-12
2.721090e+01 1.491435e-11
2.722940e+01 2.166843e-11
2.724800e+01 2.756906e-11
2.726650e+01 2.673129e-11
2.728510e+01 1.693679e-11
2.730380e+01 7.546387e-12
2.732240e+01 1.086765e-12
2.734110e+01 9.814833e-13
2.735980e+01 8.164024e-13
2.737850e+01 6.991708e-13
2.739730e+01 5.531893e-13
2.741600e+01 5.806018e-12
2.743480e+01 1.410861e-11
2.745370e+01 1.593456e-11
2.747250e+01 1.365705e-11
2.749140e+01 1.259020e-11
2.751030e+01 9.492666e-12
2.752920e+01 5.348634e-12
2.754820e+01 5.333775e-12
2.756720e+01 6.250866e-12
2.758620e+01 5.403758e-12
2.760520e+01 9.336737e-12
2.762430e+01 1.382807e-11
2.764340e+01 1.221992e-11
2.766250e+01 1.446247e-11
2.768170e+01 1.797251e-11
2.770080e+01 1.678124e-11
2.772000e+01 1.840366e-11
2.773930e+01 2.494970e-11
2.775850e+01 2.518281e-11
2.777780e+01 2.564367e-11
2.779710e+01 3.135075e-11
2.781640e+01 2.928375e-11
2.783580e+01 2.462778e-11
2.785520e+01 2.981163e-11
2.787460e+01 3.333228e-11
2.789400e+01 3.183881e-11
2.791350e+01 3.458001e-11
2.793300e+01 3.294724e-11
2.795250e+01 2.789483e-11
2.797200e+01 2.970887e-11
2.799160e+01 2.855501e-11
2.801120e+01 1.893741e-11
2.803080e+01 1.822823e-11
2.805050e+01 2.293436e-11
2.807020e+01 2.141500e-11
2.808990e+01 3.038285e-11
2.810960e+01 4.333840e-11
2.812940e+01 3.850097e-11
2.814920e+01 3.355966e-11
2.816900e+01 3.544613e-11
2.818890e+01 3.096015e-11
2.820870e+01 2.849192e-11
2.822870e+01 3.572760e-11
2.824860e+01 3.982234e-11
2.826860e+01 5.077968e-11
2.828850e+01 7.401985e-11
2.830860e+01 7.830860e-11
2.832860e+01 6.705550e-11
2.834870e+01 5.248410e-11
2.836880e+01 2.531781e-11
2.838890e+01 6.267579e-12
2.840910e+01 2.116553e-13
2.842930e+01 3.942079e-12
2.844950e+01 1.983743e-11
2.846980e+01 4.378204e-11
2.849000e+01 6.532315e-11
2.851030e+01 7.262035e-11
2.853070e+01 8.037154e-11
2.855100e+01 8.054041e-11
2.857140e+01 6.493886e-11
2.859190e+01 5.626789e-11
2.861230e+01 4.935066e-11
2.863280e+01 3.627154e-11
2.865330e+01 3.829939e-11
2.867380e+01 4.989361e-11
2.869440e+01 4.338988e-11
2.871500e+01 3.586465e-11
2.873560e+01 3.408317e-11
2.875630e+01 2.394979e-11
2.877700e+01 2.069220e-11
2.879770e+01 2.808635e-11
2.881840e+01 2.397719e-11
2.883920e+01 1.481849e-11
2.886000e+01 1.214308e-11
2.888090e+01 7.614371e-12
2.890170e+01 4.725599e-12
2.892260e+01 5.800649e-12
2.894360e+01 3.781022e-12
2.896450e+01 7.116306e-13
2.898550e+01 1.774699e-14
2.900650e+01 5.144180e-13
2.902760e+01 9.380611e-13
2.904870e+01 2.386627e-12
2.906980e+01 5.188768e-12
2.909090e+01 4.832810e-12
2.911210e+01 5.069597e-12
2.913330e+01 6.539592e-12
2.915450e+01 6.292799e-12
2.917580e+01 8.209513e-12
2.919710e+01 1.403262e-11
2.921840e+01 1.857221e-11
2.923980e+01 2.260676e-11
2.926120e+01 2.790344e-11
2.928260e+01 2.581448e-11
2.930400e+01 1.981029e-11
2.932550e+01 1.954209e-11
2.934700e+01 1.710708e-11
2.936860e+01 1.224586e-11
2.939020e+01 1.214011e-11
2.941180e+01 1.092529e-11
2.943340e+01 7.075505e-12
2.945510e+01 1.223665e-11
2.947680e+01 1.795133e-11
2.949850e+01 1.692217e-11
2.952030e+01 2.038675e-11
2.954210e+01 2.071469e-11
2.956390e+01 1.622034e-11
2.958580e+01 1.651497e-11
2.960770e+01 1.332501e-11
2.962960e+01 4.597996e-12
2.965160e+01 2.594970e-13
2.967360e+01 1.846216e-13
2.969560e+01 3.904711e-14
2.971770e+01 1.985648e-12
2.973980e+01 9.490445e-13
2.976190e+01 5.289864e-13
2.978410e+01 4.660987e-13
2.980630e+01 2.545034e-13
2.982850e+01 1.488373e-11
2.985070e+01 3.209636e-11
2.987300e+01 4.978094e-11
2.989540e+01 7.129491e-11
2.991770e+01 9.825906e-11
2.994010e+01 1.390925e-10
2.996250e+01 1.799034e-10
2.998500e+01 2.138317e-10
3.000750e+01 2.760491e-10
3.003000e+01 3.370611e-10
3.005260e+01 3.651573e-10
3.007520e+01 4.125972e-10
3.009780e+01 4.668767e-10
3.012050e+01 4.779552e-10
3.014320e+01 5.643467e-10
3.016590e+01 7.375919e-10
3.018870e+01 8.284409e-10
3.021150e+01 9.076144e-10
3.023430e+01 9.961993e-10
3.025720e+01 8.565937e-10
3.028010e+01 7.556186e-10
3.030300e+01 8.044352e-10
3.032600e+01 7.320310e-10
3.034900e+01 6.844420e-10
3.037210e+01 6.584324e-10
3.039510e+01 5.354389e-10
3.041830e+01 7.654385e-10
3.044140e+01 1.100571e-09
3.046460e+01 9.816348e-10
3.048780e+01 6.734119e-10
3.051110e+01 3.225952e-10
3.053440e+01 1.513524e-10
3.055770e+01 1.021324e-09
3.058100e+01 2.116970e-09
3.060440e+01 2.474361e-09
3.062790e+01 2.618909e-09
3.065130e+01 2.980474e-09
3.067480e+01 3.149517e-09
3.069840e+01 4.270123e-09
3.072200e+01 5.558487e-09
3.074560e+01 5.082978e-09
3.076920e+01 4.957703e-09
3.079290e+01 5.183069e-09
3.081660e+01 4.301458e-09
3.084040e+01 4.482298e-09
3.086420e+01 5.511550e-09
3.088800e+01 5.437197e-09
3.091190e+01 5.611751e-09
3.093580e+01 6.663313e-09
3.095980e+01 6.609898e-09
3.098370e+01 6.314418e-09
3.100780e+01 6.626273e-09
3.103180e+01 5.844154e-09
3.105590e+01 4.553465e-09
3.108000e+01 4.002466e-09
3.110420e+01 3.161221e-09
3.112840e+01 1.821607e-09
3.115260e+01 6.797684e-10
3.117690e+01 2.274150e-11
3.120120e+01 2.912603e-11
3.122560e+01 3.788186e-11
3.125000e+01 4.800848e-11
3.127440e+01 5.325307e-11
3.129890e+01 5.747114e-11
3.132340e+01 4.985394e-11
3.134800e+01 3.265177e-10
3.137250e+01 3.658365e-10
3.139720e+01 2.660196e-10
3.142180e+01 2.612542e-10
3.144650e+01 7.729366e-11
3.147130e+01 3.381924e-10
3.149610e+01 1.135344e-09
3.152090e+01 8.279504e-09
3.154570e+01 5.809939e-08
3.157060e+01 1.340042e-07
3.159560e+01 1.658036e-07
3.162060e+01 1.382030e-07
3.164560e+01 7.740103e-08
3.167060e+01 2.183089e-08
3.169570e+01 1.774657e-10
3.172090e+01 5.880980e-11
3.174600e+01 6.085331e-12
3.177120e+01 1.152386e-13
3.179650e+01 2.691879e-11
3.182180e+01 2.070419e-10
3.184710e+01 3.621500e-10
3.187250e+01 3.352138e-10
3.189790e+01 2.652347e-10
3.192340e+01 2.947547e-10
3.194890e+01 3.604012e-10
3.197440e+01 3.590341e-10
3.200000e+01 3.073593e-10
3.202560e+01 2.982850e-10
3.205130e+01 2.992663e-10
3.207700e+01 2.948145e-10
3.210270e+01 3.295658e-10
3.212850e+01 3.089427e-10
3.215430e+01 2.350329e-10
3.218020e+01 2.283900e-10
3.220610e+01 2.394048e-10
3.223210e+01 2.460836e-10
3.225810e+01 2.888309e-10
3.228410e+01 2.905611e-10
3.231020e+01 2.535333e-10
3.233630e+01 2.585888e-10
3.236250e+01 2.646407e-10
3.238870e+01 2.371209e-10
3.241490e+01 2.159501e-10
3.244120e+01 1.840029e-10
3.246750e+01 1.274809e-10
3.249390e+01 1.015986e-10
3.252030e+01 9.523490e-11
3.254680e+01 7.328663e-11
3.257330e+01 5.995474e-11
3.259980e+01 5.083420e-11
3.262640e+01 3.046549e-11
3.265310e+01 2.281303e-11
3.267970e+01 2.186822e-11
3.270650e+01 1.399252e-11
3.273320e+01 7.843117e-12
3.276000e+01 5.110225e-12
3.278690e+01 3.889975e-12
3.281380e+01 6.838475e-12
3.284070e+01 1.497192e-11
3.286770e+01 1.944250e-11
3.289470e+01 2.035544e-11
3.292180e+01 3.109630e-11
3.294890e+01 4.568535e-11
3.297610e+01 5.636303e-11
3.300330e+01 7.689999e-11
3.303060e+01 8.991311e-11
3.305780e+01 9.341310e-11
3.308520e+01 1.268537e-10
3.311260e+01 1.623558e-10
3.314000e+01 1.606440e-10
3.316750e+01 1.824106e-10
3.319500e+01 2.232133e-10
3.322260e+01 2.211224e-10
3.325020e+01 2.360434e-10
3.327790e+01 2.654458e-10
3.330560e+01 2.332823e-10
3.333330e+01 2.043548e-10
3.336110e+01 2.125647e-10
3.338900e+01 2.028214e-10
3.341690e+01 1.825203e-10
3.344480e+01 1.909626e-10
3.347280e+01 1.827118e-10
3.350080e+01 1.523475e-10
3.352890e+01 1.591895e-10
3.355700e+01 1.794270e-10
3.358520e+01 1.876383e-10
3.361340e+01 2.299112e-10
3.364170e+01 2.777246e-10
3.367000e+01 2.651789e-10
3.369840e+01 2.654722e-10
3.372680e+01 2.799040e-10
3.375530e+01 2.494888e-10
3.378380e+01 2.281824e-10
3.381230e+01 2.220130e-10
3.384090e+01 1.776643e-10
3.386960e+01 1.376852e-10
3.389830e+01 1.377997e-10
3.392710e+01 1.301279e-10
3.395590e+01 1.143735e-10
3.398470e+01 1.139582e-10
3.401360e+01 1.002306e-10
3.404260e+01 7.675469e-11
3.407150e+01 7.224223e-11
3.410060e+01 6.739343e-11
3.412970e+01 5.482063e-11
3.415880e+01 4.856405e-11
3.418800e+01 3.965092e-11
3.421730e+01 2.798932e-11
3.424660e+01 2.466225e-11
3.427590e+01 2.374850e-11
3.430530e+01 2.149760e-11
3.433480e+01 2.730536e-11
3.436430e+01 4.013942e-11
3.439380e+01 5.290657e-11
3.442340e+01 6.809441e-11
3.445310e+01 8.785626e-11
3.448280e+01 9.744396e-11
3.451250e+01 1.024906e-10
3.454230e+01 1.065844e-10
3.457220e+01 9.587700e-11
3.460210e+01 8.367736e-11
3.463200e+01 7.918768e-11
3.466200e+01 7.436229e-11
3.469210e+01 8.459330e-11
3.472220e+01 1.112717e-10
3.475240e+01 1.251750e-10
3.478260e+01 1.333120e-10
3.481290e+01 1.555144e-10
3.484320e+01 1.675985e-10
3.487360e+01 1.731763e-10
3.490400e+01 1.953952e-10
3.493450e+01 1.916804e-10
3.496500e+01 1.607262e-10
3.499560e+01 1.522240e-10
3.502630e+01 1.460259e-10
3.505700e+01 1.354660e-10
3.508770e+01 1.616538e-10
3.511850e+01 1.978956e-10
3.514940e+01 2.106917e-10
3.518030e+01 2.588200e-10
3.521130e+01 3.202444e-10
3.524230e+01 3.165136e-10
3.527340e+01 3.229325e-10
3.530450e+01 3.380935e-10
3.533570e+01 2.693050e-10
3.536690e+01 2.060978e-10
3.539820e+01 1.958686e-10
3.542960e+01 1.576841e-10
3.546100e+01 1.258704e-10
3.549250e+01 1.305663e-10
3.552400e+01 1.181084e-10
3.555560e+01 9.042664e-11
3.558720e+01 9.600346e-11
3.561890e+01 1.008972e-10
3.565060e+01 8.697232e-11
3.568240e+01 1.013114e-10
3.571430e+01 1.133068e-10
3.574620e+01 8.219985e-11
3.577820e+01 7.394955e-11
3.581020e+01 8.326391e-11
3.584230e+01 6.128289e-11
3.587440e+01 5.095101e-11
3.590660e+01 6.582078e-11
3.593890e+01 5.562982e-11
3.597120e+01 4.716541e-11
3.600360e+01 6.427759e-11
3.603600e+01 6.483370e-11
3.606850e+01 7.022892e-11
3.610110e+01 1.167488e-10
3.613370e+01 1.573662e-10
3.616640e+01 1.644147e-10
3.619910e+01 2.070412e-10
3.623190e+01 2.415905e-10
3.626470e+01 2.239573e-10
3.629760e+01 2.625687e-10
3.633060e+01 3.132956e-10
3.636360e+01 2.760837e-10
3.639670e+01 2.684679e-10
3.642990e+01 2.941714e-10
3.646310e+01 2.717125e-10
3.649630e+01 2.770689e-10
3.652970e+01 3.124434e-10
3.656310e+01 2.763483e-10
3.659650e+01 2.455223e-10
3.663000e+01 2.794474e-10
3.666360e+01 2.919941e-10
3.669720e+01 3.123706e-10
3.673090e+01 4.031930e-10
3.676470e+01 4.759508e-10
3.679850e+01 4.930073e-10
3.683240e+01 5.538272e-10
3.686640e+01 6.001578e-10
3.690040e+01 5.841438e-10
3.693440e+01 5.833646e-10
3.696860e+01 5.405983e-10
3.700280e+01 4.218323e-10
3.703700e+01 3.515398e-10
3.707140e+01 3.209856e-10
3.710580e+01 2.737334e-10
3.714020e+01 2.707787e-10
3.717470e+01 2.898452e-10
3.720930e+01 2.767963e-10
3.724390e+01 2.795314e-10
3.727870e+01 2.948283e-10
3.731340e+01 2.678500e-10
3.734830e+01 2.363602e-10
3.738320e+01 1.995374e-10
3.741810e+01 1.378487e-10
3.745320e+01 9.993247e-11
3.748830e+01 8.790237e-11
3.752350e+01 7.415016e-11
3.755870e+01 7.059381e-11
3.759400e+01 7.889197e-11
3.762940e+01 6.975689e-11
3.766480e+01 5.876112e-11
3.770030e+01 7.272839e-11
3.773580e+01 8.585513e-11
3.777150e+01 1.052989e-10
3.780720e+01 1.597399e-10
3.784300e+01 1.925105e-10
3.787880e+01 1.966378e-10
3.791470e+01 2.186335e-10
3.795070e+01 2.145665e-10
3.798670e+01 1.861613e-10
3.802280e+01 2.017654e-10
3.805900e+01 2.301380e-10
3.809520e+01 2.107633e-10
3.813160e+01 2.132716e-10
3.816790e+01 2.344614e-10
3.820440e+01 2.161407e-10
3.824090e+01 2.353035e-10
3.827750e+01 3.000655e-10
3.831420e+01 3.162268e-10
3.835090e+01 3.343272e-10
3.838770e+01 4.038496e-10
3.842460e+01 4.081899e-10
3.846150e+01 3.821439e-10
3.849860e+01 4.261302e-10
3.853560e+01 3.922459e-10
3.857280e+01 3.021885e-10
3.861000e+01 3.094617e-10
3.864730e+01 3.170815e-10
3.868470e+01 2.871671e-10
3.872220e+01 3.205350e-10
3.875970e+01 3.491824e-10
3.879730e+01 3.060999e-10
3.883500e+01 3.057322e-10
3.887270e+01 3.350498e-10
3.891050e+01 2.945764e-10
3.894840e+01 2.860094e-10
3.898640e+01 3.237728e-10
3.902440e+01 2.774483e-10
3.906250e+01 2.269068e-10
3.910070e+01 2.336540e-10
3.913890e+01 1.875369e-10
3.917730e+01 1.352604e-10
3.921570e+01 1.305488e-10
3.925420e+01 1.063594e-10
3.929270e+01 7.127518e-11
3.933140e+01 6.613617e-11
3.937010e+01 6.583276e-11
3.940890e+01 5.583405e-11
3.944770e+01 6.211706e-11
3.948670e+01 6.789475e-11
3.952570e+01 4.713159e-11
3.956480e+01 4.173263e-11
3.960400e+01 5.610040e-11
3.964320e+01 6.129262e-11
3.968250e+01 7.464783e-11
3.972190e+01 1.042633e-10
3.976140e+01 1.033157e-10
3.980100e+01 9.294564e-11
3.984060e+01 1.137003e-10
3.988040e+01 1.272753e-10
3.992020e+01 1.403513e-10
3.996000e+01 1.942751e-10
4.000000e+01 2.373922e-10
4.004000e+01 2.488287e-10
4.008020e+01 2.839803e-10
4.012040e+01 2.904000e-10
4.016060e+01 2.543162e-10
4.020100e+01 2.434900e-10
4.024140e+01 2.393114e-10
4.028200e+01 2.297526e-10
4.032260e+01 2.610763e-10
4.036330e+01 3.116163e-10
4.040400e+01 3.388399e-10
4.044490e+01 3.898816e-10
4.048580e+01 4.229091e-10
4.052680e+01 3.979920e-10
4.056800e+01 4.051080e-10
4.060910e+01 4.450967e-10
4.065040e+01 4.663823e-10
4.069180e+01 5.253732e-10
4.073320e+01 5.742982e-10
4.077470e+01 5.405638e-10
4.081630e+01 4.951855e-10
4.085800e+01 4.612470e-10
4.089980e+01 3.932207e-10
4.094170e+01 3.660869e-10
4.098360e+01 3.888061e-10
4.102560e+01 3.721005e-10
4.106780e+01 3.664957e-10
4.111000e+01 4.051323e-10
4.115230e+01 3.595719e-10
4.119460e+01 2.908300e-10
4.123710e+01 2.585559e-10
4.127970e+01 1.722820e-10
4.132230e+01 9.424003e-11
4.136500e+01 8.194715e-11
4.140790e+01 7.120776e-11
4.145080e+01 5.028448e-11
4.149380e+01 6.652595e-11
4.153690e+01 9.746641e-11
4.158000e+01 9.020222e-11
4.162330e+01 1.110727e-10
4.166670e+01 1.512009e-10
4.171010e+01 1.281430e-10
4.175370e+01 1.354578e-10
4.179730e+01 1.801976e-10
4.184100e+01 1.439933e-10
4.188480e+01 1.096935e-10
4.192870e+01 1.258537e-10
4.197270e+01 1.075886e-10
4.201680e+01 1.124537e-10
4.206100e+01 2.150891e-10
4.210530e+01 2.776225e-10
4.214960e+01 2.791638e-10
4.219410e+01 3.594538e-10
4.223860e+01 3.633178e-10
4.228330e+01 2.828580e-10
4.232800e+01 2.933222e-10
4.237290e+01 3.005358e-10
4.241780e+01 2.182628e-10
4.246280e+01 2.131656e-10
4.250800e+01 2.662244e-10
4.255320e+01 2.324255e-10
4.259850e+01 2.204481e-10
4.264390e+01 2.493257e-10
4.268940e+01 1.906084e-10
4.273500e+01 1.511091e-10
4.278080e+01 1.957777e-10
4.282660e+01 2.063273e-10
4.287250e+01 1.991734e-10
4.291850e+01 2.525326e-10
4.296460e+01 2.488384e-10
4.301080e+01 1.775612e-10
4.305700e+01 1.835366e-10
4.310340e+01 1.903025e-10
4.314990e+01 1.530985e-10
4.319650e+01 1.629407e-10
4.324320e+01 1.826000e-10
4.329000e+01 1.542950e-10
4.333690e+01 1.484984e-10
4.338390e+01 1.585460e-10
4.343110e+01 1.193834e-10
4.347830e+01 9.176945e-11
4.352560e+01 8.557623e-11
4.357300e+01 5.208184e-11
4.362050e+01 3.089529e-11
4.366810e+01 3.409106e-11
4.371580e+01 2.618737e-11
4.376370e+01 1.714843e-11
4.381160e+01 1.680963e-11
4.385960e+01 1.321016e-11
4.390780e+01 8.137494e-12
4.395600e+01 6.910483e-12
4.400440e+01 5.284967e-12
4.405290e+01 2.256639e-12
4.410140e+01 7.549543e-13
4.415010e+01 1.094723e-12
4.419890e+01 1.026810e-12
4.424780e+01 3.886573e-13
4.434590e+01 2.005247e-12
4.439510e+01 1.192511e-11
4.444440e+01 3.342641e-11
4.449390e+01 4.430403e-11
4.454340e+01 4.138609e-11
4.459310e+01 3.863559e-11
4.464290e+01 3.033056e-11
4.469270e+01 1.781000e-11
4.474270e+01 9.859920e-12
4.479280e+01 7.643223e-12
4.484300e+01 5.055073e-12
4.489340e+01 1.365708e-11
4.494380e+01 3.130665e-11
4.499440e+01 3.124283e-11
4.504500e+01 2.503648e-11
4.509580e+01 2.663017e-11
4.514670e+01 2.410608e-11
4.519770e+01 3.218789e-11
4.524890e+01 5.507886e-11
4.530010e+01 5.749336e-11
4.535150e+01 5.665806e-11
4.540300e+01 7.295615e-11
4.545450e+01 8.967056e-11
4.550630e+01 9.747391e-11
4.555810e+01 1.363855e-10
4.561000e+01 1.891644e-10
4.566210e+01 2.056249e-10
4.571430e+01 2.432217e-10
4.576660e+01 2.874439e-10
4.581900e+01 2.863129e-10
4.587160e+01 2.901638e-10
4.592420e+01 2.817221e-10
4.597700e+01 2.770907e-10
4.602990e+01 3.190016e-10
4.608300e+01 3.169962e-10
4.613610e+01 2.741370e-10
4.618940e+01 2.444910e-10
4.624280e+01 1.787440e-10
4.629630e+01 1.325554e-10
4.634990e+01 1.243145e-10
4.640370e+01 1.041819e-10
4.645760e+01 6.965003e-11
4.651160e+01 8.413583e-11
4.656580e+01 1.091019e-10
4.662000e+01 9.572812e-11
4.667440e+01 1.710798e-10
4.672900e+01 2.288426e-10
4.678360e+01 2.031105e-10
4.683840e+01 2.560790e-10
4.689330e+01 3.218437e-10
4.694840e+01 3.337925e-10
4.700350e+01 3.806863e-10
4.705880e+01 4.912849e-10
4.711430e+01 4.149213e-10
4.716980e+01 3.112643e-10
4.722550e+01 3.937150e-10
4.728130e+01 3.364796e-10
4.733730e+01 3.237842e-10
4.739340e+01 5.281094e-10
4.744960e+01 6.100393e-10
4.750590e+01 6.549824e-10
4.756240e+01 9.515407e-10
4.761900e+01 1.096716e-09
4.767580e+01 1.120267e-09
4.773270e+01 1.465743e-09
4.778970e+01 1.906132e-09
4.784690e+01 1.888103e-09
4.790420e+01 1.892213e-09
4.796160e+01 2.567987e-09
4.801920e+01 3.215542e-09
4.807690e+01 3.315830e-09
4.813480e+01 3.074685e-09
4.819280e+01 2.954491e-09
4.825090e+01 2.807975e-09
4.830920e+01 2.210287e-09
4.836760e+01 1.906696e-09
4.842620e+01 1.585137e-09
4.848480e+01 9.598860e-10
4.854370e+01 1.641128e-09
4.860270e+01 3.015294e-09
4.866180e+01 3.665586e-09
4.872110e+01 6.357176e-09
4.878050e+01 1.027441e-08
4.884000e+01 1.169272e-08
4.889980e+01 1.603455e-08
4.895960e+01 2.617809e-08
4.901960e+01 2.886186e-08
4.907980e+01 1.630053e-08
4.914000e+01 1.785013e-08
4.920050e+01 3.162053e-08
4.926110e+01 2.713433e-08
4.932180e+01 3.027500e-08
4.938270e+01 4.774544e-08
4.944380e+01 3.733589e-08
4.950500e+01 3.142299e-08
4.956630e+01 4.885451e-08
4.962780e+01 4.885781e-08
4.968940e+01 5.130258e-08
4.975120e+01 7.798607e-08
4.981320e+01 6.489191e-08
4.987530e+01 5.196906e-08
4.993760e+01 1.059104e-07
5.000000e+01 1.470190e-07
5.006260e+01 1.516418e-07
5.012530e+01 1.919093e-07
5.018820e+01 1.446489e-07
5.025130e+01 3.893905e-08
5.031450e+01 1.141418e-07
5.037780e+01 2.699775e-07
5.044140e+01 4.796049e-07
5.050510e+01 9.598956e-07
5.056890e+01 1.481066e-06
5.063290e+01 1.778967e-06
5.069710e+01 2.034858e-06
5.076140e+01 2.156227e-06
5.082590e+01 1.945978e-06
5.089060e+01 1.564320e-06
5.095540e+01 1.235499e-06
5.102040e+01 7.185211e-07
5.108560e+01 5.264484e-07
5.115090e+01 7.159015e-07
5.121640e+01 7.881429e-07
5.128210e+01 7.572684e-07
5.134790e+01 8.054758e-07
5.141390e+01 1.015028e-06
5.148010e+01 1.683628e-06
5.154640e+01 2.593663e-06
5.161290e+01 3.244214e-06
5.167960e+01 3.492055e-06
5.174640e+01 2.481816e-06
5.181350e+01 1.425859e-06
5.188070e+01 1.091222e-06
5.194810e+01 5.184196e-07
5.201560e+01 1.808097e-06
5.208330e+01 6.100422e-06
5.215120e+01 1.070567e-05
5.221930e+01 1.595692e-05
5.228760e+01 2.228296e-05
5.235600e+01 2.620429e-05
5.242460e+01 2.952835e-05
5.249340e+01 3.512126e-05
5.256240e+01 3.916565e-05
5.263160e+01 4.247445e-05
5.270090e+01 4.932860e-05
5.277040e+01 5.547804e-05
5.284020e+01 5.949871e-05
5.291010e+01 6.549243e-05
5.298010e+01 6.931370e-05
5.305040e+01 6.874968e-05
5.312080e+01 6.990906e-05
5.319150e+01 7.170120e-05
5.326230e+01 7.104671e-05
5.333330e+01 7.158388e-05
5.340450e+01 7.170158e-05
5.347590e+01 7.117408e-05
5.354750e+01 7.223352e-05
5.361930e+01 7.585258e-05
5.369130e+01 7.856533e-05
5.376340e+01 8.182215e-05
5.383580e+01 8.792204e-05
5.390840e+01 9.556576e-05
5.398110e+01 1.068333e-04
5.405410e+01 1.241343e-04
5.412720e+01 1.449662e-04
5.420050e+01 1.694532e-04
5.427410e+01 2.015292e-04
5.434780e+01 2.398422e-04
5.442180e+01 2.842972e-04
5.449590e+01 3.396761e-04
5.457030e+01 4.040258e-04
5.464480e+01 4.764240e-04
5.471960e+01 5.642439e-04
5.479449e+01 6.670381e-04
5.486970e+01 7.807597e-04
5.494510e+01 9.123012e-04
5.502060e+01 1.062638e-03
5.509640e+01 1.236178e-03
5.517240e+01 1.456997e-03
5.524860e+01 1.738983e-03
5.532500e+01 2.089176e-03
5.540169e+01 2.537526e-03
5.547850e+01 3.107156e-03
5.555559e+01 3.787501e-03
5.563280e+01 4.591131e-03
5.571030e+01 5.533307e-03
5.578800e+01 6.595207e-03
5.586590e+01 7.791112e-03
5.594410e+01 9.122104e-03
5.602240e+01 1.052195e-02
5.610101e+01 1.201428e-02
5.617979e+01 1.345108e-02
5.625880e+01 1.505476e-02
5.633801e+01 1.683677e-02
5.641750e+01 1.883800e-02
5.649720e+01 2.096495e-02
5.657710e+01 2.319192e-02
5.665720e+01 2.564004e-02
5.673760e+01 2.825388e-02
5.681820e+01 3.099701e-02
5.689899e+01 3.402040e-02
5.698009e+01 3.719185e-02
5.706130e+01 4.032855e-02
5.714290e+01 4.363323e-02
5.722460e+01 4.706859e-02
5.730660e+01 5.034766e-02
5.738880e+01 5.386244e-02
5.747129e+01 5.765694e-02
5.755400e+01 6.135195e-02
5.763690e+01 6.527509e-02
5.772010e+01 6.963670e-02
5.780350e+01 7.404339e-02
5.788710e+01 7.863363e-02
5.797100e+01 8.310123e-02
5.805520e+01 8.758868e-02
5.813950e+01 9.234602e-02
5.822420e+01 9.743636e-02
5.830900e+01 1.027751e-01
5.839420e+01 1.084952e-01
5.847950e+01 1.140443e-01
5.856520e+01 1.197497e-01
5.865100e+01 1.253441e-01
5.873720e+01 1.314398e-01
5.882350e+01 1.378480e-01
5.891019e+01 1.441985e-01
5.899710e+01 1.505296e-01
5.908421e+01 1.567475e-01
5.917160e+01 1.627605e-01
5.925930e+01 1.689846e-01
5.934720e+01 1.754077e-01
5.943540e+01 1.821036e-01
5.952380e+01 1.893314e-01
5.961250e+01 1.966283e-01
5.970150e+01 2.031116e-01
5.979070e+01 2.102963e-01
5.988020e+01 2.175117e-01
5.997001e+01 2.245019e-01
6.006010e+01 2.318417e-01
6.015040e+01 2.394433e-01
6.024100e+01 2.466333e-01
6.033180e+01 2.534533e-01
6.042300e+01 2.601052e-01
6.051440e+01 2.662596e-01
6.060610e+01 2.720864e-01
6.069800e+01 2.781738e-01
6.079030e+01 2.840091e-01
6.088281e+01 2.891858e-01
6.097561e+01 2.943895e-01
6.106870e+01 2.994517e-01
6.116210e+01 3.040607e-01
6.125570e+01 3.087356e-01
6.134970e+01 3.130283e-01
6.144391e+01 3.165758e-01
6.153850e+01 3.207292e-01
6.163330e+01 3.258078e-01
6.172841e+01 3.310912e-01
6.182380e+01 3.369385e-01
6.191950e+01 3.434796e-01
6.201550e+01 3.499996e-01
6.211180e+01 3.565490e-01
6.220840e+01 3.629269e-01
6.230530e+01 3.697639e-01
6.240250e+01 3.762967e-01
6.250000e+01 3.820615e-01
6.259780e+01 3.868362e-01
6.269590e+01 3.914358e-01
6.279430e+01 3.962680e-01
6.289310e+01 4.012570e-01
6.299210e+01 4.056602e-01
6.309150e+01 4.088218e-01
6.319120e+01 4.102647e-01
6.329110e+01 4.145372e-01
6.339140e+01 4.231822e-01
6.349210e+01 4.315947e-01
6.359300e+01 4.385000e-01
6.369430e+01 4.449389e-01
6.379590e+01 4.512448e-01
6.389780e+01 4.571721e-01
6.400000e+01 4.636757e-01
6.410260e+01 4.701331e-01
6.420550e+01 4.758887e-01
6.430870e+01 4.826774e-01
6.441220e+01 4.891711e-01
6.451610e+01 4.935455e-01
6.462040e+01 4.972066e-01
6.472490e+01 5.009649e-01
6.482980e+01 5.035705e-01
6.493510e+01 5.054259e-01
6.504060e+01 5.069707e-01
6.514660e+01 5.076177e-01
6.525290e+01 5.086907e-01
6.535950e+01 5.092638e-01
6.546640e+01 5.078755e-01
6.557380e+01 5.057788e-01
6.568140e+01 5.045616e-01
6.578950e+01 5.036484e-01
6.589790e+01 5.024438e-01
6.600660e+01 5.015760e-01
6.611570e+01 5.015936e-01
6.622520e+01 5.013422e-01
6.633500e+01 5.003433e-01
6.644520e+01 5.002439e-01
6.655570e+01 5.009561e-01
6.666670e+01 5.025498e-01
6.677800e+01 5.028769e-01
6.688960e+01 5.005705e-01
6.700170e+01 4.974010e-01
6.711410e+01 4.949819e-01
6.722690e+01 4.930711e-01
6.734010e+01 4.918469e-01
6.745360e+01 4.903054e-01
6.756760e+01 4.873390e-01
6.768190e+01 4.832819e-01
6.779660e+01 4.791814e-01
6.791170e+01 4.748661e-01
6.802720e+01 4.699897e-01
6.814310e+01 4.650764e-01
6.825940e+01 4.597761e-01
6.837610e+01 4.535971e-01
6.849310e+01 4.477308e-01
6.861060e+01 4.423884e-01
6.872850e+01 4.375273e-01
6.884680e+01 4.342220e-01
6.896550e+01 4.323134e-01
6.908460e+01 4.308997e-01
6.920420e+01 4.307025e-01
6.932410e+01 4.317117e-01
6.944440e+01 4.325072e-01
6.956520e+01 4.328646e-01
6.968640e+01 4.342474e-01
6.980800e+01 4.345955e-01
6.993010e+01 4.342652e-01
7.005250e+01 4.344038e-01
7.017540e+01 4.341645e-01
7.029880e+01 4.338365e-01
7.042250e+01 4.342597e-01
7.054670e+01 4.346610e-01
7.067140e+01 4.350934e-01
7.079650e+01 4.367381e-01
7.092200e+01 4.383455e-01
7.104800e+01 4.397167e-01
7.117440e+01 4.429481e-01
7.130120e+01 4.460729e-01
7.142860e+01 4.484703e-01
7.155640e+01 4.506627e-01
7.168460e+01 4.528645e-01
7.181330e+01 4.538206e-01
7.194240e+01 4.541552e-01
7.207210e+01 4.557242e-01
7.220220e+01 4.569020e-01
7.233270e+01 4.571692e-01
7.246380e+01 4.574629e-01
7.259530e+01 4.573070e-01
7.272730e+01 4.573985e-01
7.285970e+01 4.586055e-01
7.299270e+01 4.599487e-01
7.312610e+01 4.613961e-01
7.326010e+01 4.640200e-01
7.339450e+01 4.662797e-01
7.352940e+01 4.677717e-01
7.366480e+01 4.699765e-01
7.380070e+01 4.721366e-01
7.393720e+01 4.737494e-01
7.407410e+01 4.759199e-01
7.421150e+01 4.782167e-01
7.434940e+01 4.797340e-01
7.448790e+01 4.817004e-01
7.462690e+01 4.838686e-01
7.476640e+01 4.851661e-01
7.490640e+01 4.867495e-01
7.504690e+01 4.887927e-01
7.518800e+01 4.894949e-01
7.532960e+01 4.894208e-01
7.547170e+01 4.899759e-01
7.561440e+01 4.905184e-01
7.575760e+01 4.895220e-01
7.590130e+01 4.885113e-01
7.604560e+01 4.874826e-01
7.619050e+01 4.854198e-01
7.633590e+01 4.828961e-01
7.648180e+01 4.797403e-01
7.662830e+01 4.765696e-01
7.677540e+01 4.742075e-01
7.692310e+01 4.717296e-01
7.707130e+01 4.678400e-01
7.722010e+01 4.636849e-01
7.736940e+01 4.581962e-01
7.751940e+01 4.503340e-01
7.766990e+01 4.418070e-01
7.782100e+01 4.329392e-01
7.797270e+01 4.233698e-01
7.812500e+01 4.144077e-01
7.827790e+01 4.067902e-01
7.843140e+01 3.993992e-01
7.858550e+01 3.926326e-01
7.874020e+01 3.880328e-01
7.889550e+01 3.849573e-01
7.905140e+01 3.838704e-01
7.920790e+01 3.831121e-01
7.936510e+01 3.810890e-01
7.952290e+01 3.777855e-01
7.968130e+01 3.742320e-01
7.984030e+01 3.697916e-01
8.000000e+01 3.643861e-01
8.016030e+01 3.592440e-01
8.032130e+01 3.536998e-01
8.048290e+01 3.470366e-01
8.064520e+01 3.402650e-01
8.080810e+01 3.333250e-01
8.097170e+01 3.254706e-01
8.113590e+01 3.173908e-01
8.130080e+01 3.093195e-01
8.146640e+01 3.005370e-01
8.163270e+01 2.913830e-01
8.179960e+01 2.815351e-01
8.196720e+01 2.706633e-01
8.213550e+01 2.604469e-01
8.230450e+01 2.508008e-01
8.247420e+01 2.403722e-01
8.264460e+01 2.297118e-01
8.281570e+01 2.191867e-01
8.298750e+01 2.083551e-01
8.316010e+01 1.976133e-01
8.333330e+01 1.878352e-01
8.350730e+01 1.785612e-01
8.368200e+01 1.691874e-01
8.385740e+01 1.601139e-01
8.403360e+01 1.512067e-01
8.421050e+01 1.425494e-01
8.438820e+01 1.346740e-01
8.456660e+01 1.274669e-01
8.474580e+01 1.209399e-01
8.492570e+01 1.154789e-01
8.510640e+01 1.106212e-01
8.528780e+01 1.060206e-01
8.547010e+01 1.018261e-01
8.565310e+01 9.778553e-02
8.583690e+01 9.336364e-02
8.602150e+01 8.924785e-02
8.620690e+01 8.526702e-02
8.639310e+01 8.104371e-02
8.658010e+01 7.688368e-02
8.676790e+01 7.281935e-02
8.695650e+01 6.862790e-02
8.714600e+01 6.457188e-02
8.733620e+01 6.068727e-02
8.752740e+01 5.682546e-02
8.771930e+01 5.320946e-02
8.791210e+01 4.988663e-02
8.810570e+01 4.664654e-02
8.830020e+01 4.356772e-02
8.849560e+01 4.069104e-02
8.869180e+01 3.786919e-02
8.888890e+01 3.517633e-02
8.908690e+01 3.272754e-02
8.928570e+01 3.039335e-02
8.948550e+01 2.821144e-02
8.968610e+01 2.630521e-02
8.988760e+01 2.462191e-02
9.009010e+01 2.316894e-02
9.029350e+01 2.202659e-02
9.049770e+01 2.105363e-02
9.070290e+01 2.012873e-02
9.090910e+01 1.937854e-02
9.111620e+01 1.875991e-02
9.132420e+01 1.815093e-02
9.153320e+01 1.760595e-02
9.174310e+01 1.710981e-02
9.195400e+01 1.656436e-02
9.216590e+01 1.602884e-02
9.237880e+01 1.551336e-02
9.259260e+01 1.494232e-02
9.280740e+01 1.437859e-02
9.302330e+01 1.384547e-02
9.324010e+01 1.326155e-02
9.345790e+01 1.265353e-02
9.367680e+01 1.206206e-02
9.389670e+01 1.144260e-02
9.411760e+01 1.083309e-02
9.433960e+01 1.029676e-02
9.456260e+01 9.795835e-03
9.478670e+01 9.318616e-03
9.501190e+01 8.890568e-03
9.523810e+01 8.454526e-03
9.546540e+01 7.995786e-03
9.569380e+01 7.586239e-03
9.592330e+01 7.235736e-03
9.615380e+01 6.895926e-03
9.638550e+01 6.572026e-03
9.661840e+01 6.261617e-03
9.685230e+01 5.948740e-03
9.708740e+01 5.649226e-03
9.732360e+01 5.377480e-03
9.756100e+01 5.141545e-03
9.779950e+01 4.955338e-03
9.803920e+01 4.786641e-03
9.828010e+01 4.600874e-03
9.852220e+01 4.416059e-03
9.876540e+01 4.239377e-03
9.900990e+01 4.043592e-03
9.925560e+01 3.825330e-03
9.950250e+01 3.614188e-03
9.975060e+01 3.424155e-03
1.000000e+02 3.245858e-03
1.002510e+02 3.069365e-03
1.005030e+02 2.799180e-03
1.007560e+02 2.544370e-03
1.010100e+02 2.376067e-03
1.012660e+02 2.219144e-03
1.015230e+02 2.056792e-03
1.017810e+02 1.888319e-03
1.020410e+02 1.747118e-03
1.023020e+02 1.632580e-03
1.025640e+02 1.534764e-03
1.028280e+02 1.467635e-03
1.030930e+02 1.421410e-03
1.033590e+02 1.351432e-03
1.036270e+02 1.251378e-03
1.038960e+02 1.197594e-03
1.041670e+02 1.158085e-03
1.044390e+02 1.093935e-03
1.047120e+02 1.036818e-03
1.049870e+02 9.771880e-04
1.052630e+02 9.037912e-04
1.055410e+02 8.450016e-04
1.058200e+02 7.893788e-04
1.061010e+02 7.265167e-04
1.063830e+02 6.784165e-04
1.066670e+02 6.428547e-04
1.069520e+02 6.064626e-04
1.072390e+02 5.818001e-04
1.075270e+02 5.639953e-04
1.078170e+02 5.375109e-04
1.081080e+02 5.112969e-04
1.084010e+02 4.887122e-04
1.086960e+02 4.561240e-04
1.089920e+02 4.226872e-04
1.092900e+02 3.948800e-04
1.095890e+02 3.634894e-04
1.098900e+02 3.372702e-04
1.101930e+02 3.221703e-04
1.104970e+02 3.065866e-04
1.108030e+02 2.921819e-04
1.111110e+02 2.869009e-04
1.114210e+02 2.825943e-04
1.117320e+02 2.752754e-04
1.120450e+02 2.671822e-04
1.123600e+02 2.545047e-04
1.126760e+02 2.396928e-04
1.129940e+02 2.299751e-04
1.133140e+02 2.221652e-04
1.136360e+02 2.118186e-04
1.139600e+02 2.015330e-04
1.142860e+02 1.911937e-04
1.146130e+02 1.795368e-04
1.149430e+02 1.683067e-04
1.152740e+02 1.558598e-04
1.156070e+02 1.416648e-04
1.159420e+02 1.317384e-04
1.162790e+02 1.282029e-04
1.166180e+02 1.251496e-04
1.169590e+02 1.209458e-04
1.173020e+02 1.164941e-04
1.176470e+02 1.117920e-04
1.179940e+02 1.079855e-04
1.183430e+02 1.048981e-04
1.186940e+02 9.997449e-05
1.190480e+02 9.430036e-05
1.194030e+02 8.923768e-05
1.197600e+02 8.275505e-05
1.201200e+02 7.406236e-05
1.204820e+02 6.352494e-05
1.208460e+02 5.265143e-05
1.212120e+02 4.330107e-05
1.215810e+02 3.682975e-05
1.219510e+02 3.275495e-05
1.223240e+02 2.932076e-05
1.226990e+02 2.618643e-05
1.230770e+02 2.412600e-05
1.234570e+02 2.307768e-05
1.238390e+02 2.208586e-05
1.242240e+02 2.000172e-05
1.246110e+02 1.625435e-05
1.250000e+02 1.183406e-05
1.253920e+02 9.058406e-06
1.257860e+02 7.572755e-06
1.261830e+02 7.049136e-06
1.265820e+02 6.744663e-06
1.269840e+02 6.320064e-06
1.273890e+02 5.702792e-06
1.277960e+02 4.970005e-06
1.282050e+02 4.160717e-06
1.286170e+02 3.356420e-06
1.290320e+02 2.613431e-06
1.294500e+02 2.020582e-06
1.298700e+02 1.615958e-06
1.302930e+02 1.338041e-06
1.307190e+02 1.114734e-06
1.311480e+02 9.261208e-07
1.315790e+02 8.445735e-07
1.320130e+02 9.262489e-07
1.324500e+02 1.103016e-06
1.328900e+02 1.172175e-06
1.333330e+02 1.022260e-06
1.337790e+02 8.668829e-07
1.342280e+02 8.543128e-07
1.346800e+02 9.512050e-07
1.351350e+02 1.033594e-06
1.355930e+02 1.025419e-06
1.360540e+02 9.224554e-07
1.365190e+02 7.937583e-07
1.369860e+02 6.779954e-07
1.374570e+02 5.619717e-07
1.379310e+02 4.784549e-07
1.384080e+02 5.083369e-07
1.388890e+02 6.438406e-07
1.393730e+02 7.473900e-07
1.398600e+02 7.422292e-07
1.403510e+02 6.608438e-07
1.408450e+02 5.330601e-07
1.413430e+02 4.060105e-07
1.418440e+02 2.831131e-07
1.423490e+02 1.624532e-07
1.428570e+02 6.485180e-08
1.433690e+02 1.181488e-08
1.438850e+02 1.057202e-08
1.444040e+02 3.701866e-08
1.449280e+02 6.597922e-08
1.454550e+02 8.343558e-08
1.459850e+02 8.782348e-08
1.465200e+02 8.212494e-08
1.470590e+02 6.622802e-08
1.476010e+02 4.820584e-08
1.481480e+02 3.519066e-08
1.486990e+02 2.686392e-08
1.492540e+02 2.003513e-08
1.498130e+02 1.475672e-08
1.503760e+02 1.184426e-08
1.509430e+02 1.078028e-08
1.515150e+02 1.020190e-08
1.520910e+02 9.803912e-09
1.526720e+02 9.376801e-09
1.532570e+02 9.105935e-09
1.538460e+02 9.534201e-09
1.544400e+02 9.865146e-09
1.550390e+02 9.348833e-09
1.556420e+02 9.113743e-09
1.562500e+02 8.613143e-09
1.568630e+02 6.584148e-09
1.574800e+02 4.256498e-09
1.581030e+02 2.404451e-09
1.587300e+02 1.183781e-09
1.593630e+02 7.121859e-10
1.600000e+02 6.693139e-10
1.606430e+02 8.553003e-10
1.612900e+02 1.229181e-09
1.619430e+02 1.732651e-09
1.626020e+02 1.980801e-09
1.632650e+02 2.185598e-09
1.639340e+02 2.603727e-09
1.646090e+02 2.638830e-09
1.652890e+02 2.248005e-09
1.659750e+02 2.176576e-09
1.666670e+02 2.174975e-09
1.673640e+02 1.863487e-09
1.680670e+02 1.832463e-09
1.687760e+02 1.888493e-09
1.694920e+02 1.759877e-09
1.702130e+02 1.396308e-09
1.709400e+02 9.557706e-10
1.716740e+02 5.980651e-10
1.724140e+02 3.676925e-10
1.731600e+02 2.688453e-10
1.739130e+02 2.790937e-10
1.746720e+02 3.611045e-10
1.754390e+02 4.036837e-10
1.762110e+02 4.400963e-10
1.769910e+02 5.128899e-10
1.777780e+02 5.794700e-10
1.785710e+02 6.455117e-10
1.793720e+02 6.814085e-10
1.801800e+02 6.133708e-10
1.809950e+02 4.881851e-10
1.818180e+02 3.337370e-10
1.826480e+02 1.852164e-10
1.834860e+02 8.864785e-11
1.843320e+02 3.506832e-11
1.851850e+02 7.489178e-12
1.860470e+02 2.988448e-12
1.869160e+02 7.569335e-12
1.877930e+02 1.358455e-11
1.886790e+02 1.738668e-11
1.895730e+02 3.087277e-11
1.904760e+02 5.910909e-11
1.913880e+02 8.317985e-11
1.923080e+02 7.762053e-11
1.932370e+02 4.844294e-11
1.941750e+02 2.525218e-11
1.951220e+02 2.219083e-11
1.960780e+02 4.032372e-11
1.970440e+02 7.511494e-11
1.980200e+02 9.316552e-11
1.990050e+02 9.729071e-11
2.000000e+02 9.524324e-11
2.010050e+02 9.534195e-11
2.020200e+02 1.060389e-10
2.030460e+02 1.118431e-10
2.040820e+02 1.058948e-10
2.051280e+02 9.833649e-11
2.061860e+02 8.612032e-11
2.072540e+02 6.487448e-11
2.083330e+02 4.402067e-11
2.094240e+02 3.817915e-11
2.105260e+02 4.840438e-11
2.116400e+02 5.783475e-11
2.127660e+02 5.057422e-11
2.139040e+02 3.185042e-11
2.150540e+02 1.605321e-11
2.162160e+02 7.270424e-12
2.173910e+02 3.137013e-12
2.185790e+02 5.273741e-13
2.197800e+02 1.510161e-13
2.209940e+02 3.060730e-13
2.222220e+02 6.176068e-13
2.234640e+02 6.975480e-12
2.247190e+02 1.292113e-11
2.259890e+02 1.644543e-11
2.272730e+02 1.901346e-11
2.285710e+02 2.167744e-11
2.298850e+02 2.615535e-11
2.312140e+02 3.441994e-11
2.325580e+02 4.606167e-11
2.339180e+02 5.641364e-11
2.352940e+02 6.914696e-11
2.366860e+02 7.924688e-11
2.380950e+02 7.954119e-11
2.395210e+02 7.696212e-11
2.409640e+02 7.530243e-11
2.424240e+02 6.671613e-11
2.439020e+02 4.205225e-11
2.453990e+02 1.927019e-11
2.469140e+02 4.914869e-12
2.484470e+02 1.561922e-12
2.500000e+02 1.620066e-13
2.515720e+02 1.787751e-11
2.531650e+02 5.027937e-11
2.547770e+02 1.626409e-10
2.564100e+02 3.689632e-10
2.580650e+02 5.809039e-10
2.597400e+02 7.372488e-10
2.614380e+02 8.317463e-10
2.631580e+02 8.196165e-10
2.649010e+02 7.300930e-10
2.666670e+02 6.925950e-10
2.684560e+02 7.534233e-10
2.702700e+02 8.541397e-10
2.721090e+02 9.108730e-10
2.739730e+02 8.582797e-10
2.758620e+02 7.663820e-10
2.777780e+02 7.221163e-10
2.797200e+02 8.023465e-10
2.816900e+02 9.347261e-10
2.836880e+02 9.586567e-10
2.857140e+02 8.320788e-10
2.877700e+02 7.140606e-10
2.898550e+02 6.665107e-10
2.919710e+02 6.755697e-10
2.941180e+02 6.770136e-10
2.962960e+02 6.547714e-10
2.985070e+02 5.991114e-10
3.007520e+02 4.725019e-10
3.030300e+02 3.145521e-10
3.053440e+02 2.206981e-10
3.076920e+02 1.802381e-10
3.100780e+02 1.599594e-10
3.125000e+02 1.493047e-10
3.149610e+02 9.835316e-11
3.174600e+02 8.276812e-12
3.200000e+02 5.064513e-12
3.225810e+02 2.162048e-11
3.252030e+02 1.600002e-10
3.278690e+02 2.840761e-10
3.305790e+02 3.287902e-10
3.333330e+02 3.116048e-10
3.361340e+02 3.287259e-10
3.389830e+02 3.873608e-10
3.418800e+02 4.110838e-10
3.448280e+02 3.866983e-10
3.478260e+02 3.371103e-10
3.508770e+02 2.790924e-10
3.539820e+02 2.171096e-10
3.571430e+02 1.580349e-10
3.603600e+02 1.061689e-10
3.636360e+02 6.569309e-11
3.669720e+02 4.469639e-11
3.703700e+02 3.226591e-11
3.738320e+02 2.039662e-11
3.773580e+02 1.497772e-11
3.809520e+02 1.760038e-11
3.846150e+02 2.569258e-11
3.883500e+02 3.954386e-11
3.921570e+02 5.235127e-11
3.960400e+02 5.682071e-11
4.000000e+02 5.954489e-11
4.040400e+02 6.678217e-11
4.081630e+02 7.176174e-11
4.123710e+02 6.143576e-11
4.166670e+02 3.317330e-11
4.210530e+02 1.388963e-11
4.255320e+02 7.325599e-12
4.301080e+02 6.377099e-12
4.347830e+02 6.865707e-12
4.395600e+02 6.744381e-12
4.444440e+02 5.673155e-12
4.494380e+02 5.416047e-12
4.545450e+02 5.324786e-12
4.597700e+02 5.081525e-12
4.651160e+02 4.007319e-12
4.705880e+02 2.768975e-12
4.761900e+02 3.628102e-12
4.819280e+02 5.385894e-12
4.878050e+02 7.347279e-12
4.938270e+02 8.823480e-12
5.000000e+02 1.188766e-11
