#Convert the frequency to wavelength by SGJY.
#wavelength RSR
2.001000e+01 2.514536e-10
2.002000e+01 2.700292e-10
2.003000e+01 2.899789e-10
2.004010e+01 3.182648e-10
2.005010e+01 3.503171e-10
2.006020e+01 3.825533e-10
2.007020e+01 3.985385e-10
2.008030e+01 3.758336e-10
2.009040e+01 3.402841e-10
2.010050e+01 3.299050e-10
2.011060e+01 3.224413e-10
2.012070e+01 3.075877e-10
2.013080e+01 2.913994e-10
2.014100e+01 2.863113e-10
2.015110e+01 2.926097e-10
2.016130e+01 2.802125e-10
2.017150e+01 2.619737e-10
2.018160e+01 2.570574e-10
2.019180e+01 2.583820e-10
2.020200e+01 2.539107e-10
2.021220e+01 2.400639e-10
2.022240e+01 2.646055e-10
2.023270e+01 3.404407e-10
2.024290e+01 4.063962e-10
2.025320e+01 4.425945e-10
2.026340e+01 4.666154e-10
2.027370e+01 5.052597e-10
2.028400e+01 5.462768e-10
2.029430e+01 5.400335e-10
2.030460e+01 5.125861e-10
2.031490e+01 4.871647e-10
2.032520e+01 4.570602e-10
2.033550e+01 4.252044e-10
2.034590e+01 3.979971e-10
2.035620e+01 3.703633e-10
2.036660e+01 3.607999e-10
2.037700e+01 3.792417e-10
2.038740e+01 4.058751e-10
2.039780e+01 4.114430e-10
2.040820e+01 3.701026e-10
2.041860e+01 3.326012e-10
2.042900e+01 3.671556e-10
2.043940e+01 4.285794e-10
2.044990e+01 4.752139e-10
2.046040e+01 4.877270e-10
2.047080e+01 4.843404e-10
2.048130e+01 4.938084e-10
2.049180e+01 5.208697e-10
2.050230e+01 5.397240e-10
2.051280e+01 5.223728e-10
2.052330e+01 4.890545e-10
2.053390e+01 4.576938e-10
2.054440e+01 4.305646e-10
2.055500e+01 4.138161e-10
2.056560e+01 3.938245e-10
2.057610e+01 3.403733e-10
2.058670e+01 2.836924e-10
2.059730e+01 2.712865e-10
2.060790e+01 2.849158e-10
2.061860e+01 2.995784e-10
2.062920e+01 2.993875e-10
2.063980e+01 2.810715e-10
2.065050e+01 2.586731e-10
2.066120e+01 2.562300e-10
2.067180e+01 2.628944e-10
2.068250e+01 2.615103e-10
2.069320e+01 2.765407e-10
2.070390e+01 3.052672e-10
2.071470e+01 3.131801e-10
2.072540e+01 3.029023e-10
2.073610e+01 2.779274e-10
2.074690e+01 2.668201e-10
2.075770e+01 2.732764e-10
2.076840e+01 2.799358e-10
2.077920e+01 2.387535e-10
2.079000e+01 1.725439e-10
2.080080e+01 1.303253e-10
2.081170e+01 1.235370e-10
2.082250e+01 1.351847e-10
2.083330e+01 1.375865e-10
2.084420e+01 1.364092e-10
2.085510e+01 1.515614e-10
2.086590e+01 1.825674e-10
2.087680e+01 2.304145e-10
2.088770e+01 2.905658e-10
2.089860e+01 3.086334e-10
2.090960e+01 2.751761e-10
2.092050e+01 2.577762e-10
2.093140e+01 2.493443e-10
2.094240e+01 2.225336e-10
2.095340e+01 1.949813e-10
2.096440e+01 1.717374e-10
2.097540e+01 1.401345e-10
2.098640e+01 9.583182e-11
2.099740e+01 5.653596e-11
2.100840e+01 6.229742e-11
2.101940e+01 8.333426e-11
2.103050e+01 7.568869e-11
2.104160e+01 4.732862e-11
2.105260e+01 2.373670e-11
2.106370e+01 3.154137e-11
2.107480e+01 6.126749e-11
2.108590e+01 9.072599e-11
2.109700e+01 9.768344e-11
2.110820e+01 9.030160e-11
2.111930e+01 8.785364e-11
2.113050e+01 1.003224e-10
2.114160e+01 1.196719e-10
2.115280e+01 1.283319e-10
2.116400e+01 1.344622e-10
2.117520e+01 1.413847e-10
2.118640e+01 1.374568e-10
2.119770e+01 1.324824e-10
2.120890e+01 1.371365e-10
2.122020e+01 1.345026e-10
2.123140e+01 1.292500e-10
2.124270e+01 1.311642e-10
2.125400e+01 1.343344e-10
2.126530e+01 1.316757e-10
2.127660e+01 1.253877e-10
2.128790e+01 1.097921e-10
2.129930e+01 9.054084e-11
2.131060e+01 8.007319e-11
2.132200e+01 7.692228e-11
2.133330e+01 7.037621e-11
2.134470e+01 6.910299e-11
2.135610e+01 7.627655e-11
2.136750e+01 8.072989e-11
2.137890e+01 7.635616e-11
2.139040e+01 6.581128e-11
2.140180e+01 6.876401e-11
2.141330e+01 8.560765e-11
2.142470e+01 9.427407e-11
2.143620e+01 8.767277e-11
2.144770e+01 7.090151e-11
2.145920e+01 5.404827e-11
2.147070e+01 3.876356e-11
2.148230e+01 2.741424e-11
2.149380e+01 2.474694e-11
2.150540e+01 2.479127e-11
2.151690e+01 1.937402e-11
2.152850e+01 1.580405e-11
2.154010e+01 1.525356e-11
2.155170e+01 1.186861e-11
2.156330e+01 8.845650e-12
2.157500e+01 8.532642e-12
2.158660e+01 7.502497e-12
2.159830e+01 6.129122e-12
2.160990e+01 5.765867e-12
2.162160e+01 5.170473e-12
2.163330e+01 5.124057e-12
2.164500e+01 6.654456e-12
2.165670e+01 8.981250e-12
2.166850e+01 1.031839e-11
2.168020e+01 9.932092e-12
2.169200e+01 9.088844e-12
2.170370e+01 1.059040e-11
2.171550e+01 1.538727e-11
2.172730e+01 2.332909e-11
2.173910e+01 2.913459e-11
2.175100e+01 2.911090e-11
2.176280e+01 2.905189e-11
2.177460e+01 2.694875e-11
2.178650e+01 2.184452e-11
2.179840e+01 1.588407e-11
2.181030e+01 1.124351e-11
2.182210e+01 9.820482e-12
2.183410e+01 8.139601e-12
2.184600e+01 1.009945e-11
2.185790e+01 2.057315e-11
2.186990e+01 2.450135e-11
2.188180e+01 1.421628e-11
2.189380e+01 1.556302e-11
2.190580e+01 1.844366e-11
2.191780e+01 1.376220e-11
2.192980e+01 2.213554e-11
2.194190e+01 2.852131e-11
2.195390e+01 2.220474e-11
2.196600e+01 1.912905e-11
2.197800e+01 1.850061e-11
2.199010e+01 1.043207e-11
2.200220e+01 4.617101e-12
2.201430e+01 4.854488e-12
2.202640e+01 2.625873e-12
2.203860e+01 7.695126e-13
2.205070e+01 5.938614e-13
2.206290e+01 4.466448e-13
2.207510e+01 5.747083e-13
2.208720e+01 5.188883e-12
2.209940e+01 1.388523e-11
2.211170e+01 1.851125e-11
2.212390e+01 2.338721e-11
2.213610e+01 3.041951e-11
2.214840e+01 3.392102e-11
2.216070e+01 6.322036e-11
2.217290e+01 1.286800e-10
2.218520e+01 1.492953e-10
2.219760e+01 1.562269e-10
2.220990e+01 1.839425e-10
2.222220e+01 1.689183e-10
2.223460e+01 1.397525e-10
2.224690e+01 1.442733e-10
2.225930e+01 1.171761e-10
2.227170e+01 6.626680e-11
2.228410e+01 6.326053e-11
2.229650e+01 6.786005e-11
2.230900e+01 4.777575e-11
2.232140e+01 3.741681e-11
2.233390e+01 3.164558e-11
2.234640e+01 1.330500e-11
2.235890e+01 3.208082e-12
2.237140e+01 7.626687e-12
2.238390e+01 1.234926e-11
2.239640e+01 1.194118e-11
2.240900e+01 3.309235e-11
2.242150e+01 1.344599e-10
2.243410e+01 1.942191e-10
2.244670e+01 1.452088e-10
2.245930e+01 1.566851e-10
2.247190e+01 1.706832e-10
2.248450e+01 1.301011e-10
2.249720e+01 1.328435e-10
2.250980e+01 1.490037e-10
2.252250e+01 8.705215e-11
2.253520e+01 5.846053e-11
2.254790e+01 1.055007e-10
2.256060e+01 7.807309e-11
2.257340e+01 1.984918e-11
2.258610e+01 2.785265e-11
2.259890e+01 6.091714e-11
2.261160e+01 9.568705e-11
2.262440e+01 2.197689e-10
2.263720e+01 2.230607e-10
2.265010e+01 1.279446e-10
2.266290e+01 1.137352e-10
2.267570e+01 7.340072e-11
2.268860e+01 2.046012e-11
2.270150e+01 5.458185e-12
2.271440e+01 4.252134e-12
2.274020e+01 6.345666e-12
2.275310e+01 6.515402e-11
2.276610e+01 7.935961e-11
2.277900e+01 9.861428e-11
2.279200e+01 1.481651e-10
2.280500e+01 1.038695e-10
2.281800e+01 6.854718e-11
2.283110e+01 6.764568e-11
2.284410e+01 6.024189e-11
2.285710e+01 1.928201e-11
2.287020e+01 2.280280e-11
2.288330e+01 8.754718e-11
2.289640e+01 9.655715e-11
2.290950e+01 1.011999e-10
2.292260e+01 1.142914e-10
2.293580e+01 6.537506e-11
2.297530e+01 4.302072e-12
2.298850e+01 1.410655e-12
2.301500e+01 1.943587e-12
2.302820e+01 1.112820e-11
2.304150e+01 2.321051e-11
2.305480e+01 1.779128e-11
2.306810e+01 5.059595e-11
2.308140e+01 6.561483e-11
2.309470e+01 4.539464e-11
2.310800e+01 2.769749e-11
2.312140e+01 7.142674e-12
2.313480e+01 1.456327e-12
2.314810e+01 7.668749e-14
2.316160e+01 6.055265e-12
2.317500e+01 2.925355e-11
2.318840e+01 6.093835e-11
2.320190e+01 9.611986e-11
2.321530e+01 1.094777e-10
2.322880e+01 1.038099e-10
2.324230e+01 7.295706e-11
2.325580e+01 4.003725e-11
2.326930e+01 2.190945e-11
2.328290e+01 1.081222e-11
2.329640e+01 2.193581e-12
2.331000e+01 1.924825e-14
2.332360e+01 3.807581e-13
2.333720e+01 2.852930e-13
2.335080e+01 3.042248e-12
2.336450e+01 9.910788e-12
2.337810e+01 6.429184e-12
2.339180e+01 2.690004e-12
2.340550e+01 1.838085e-12
2.341920e+01 1.676130e-12
2.343290e+01 9.111777e-13
2.344670e+01 2.911292e-12
2.346040e+01 5.186834e-12
2.347420e+01 9.363627e-12
2.348800e+01 2.003460e-11
2.350180e+01 2.789979e-11
2.351560e+01 2.805247e-11
2.352940e+01 2.695611e-11
2.354330e+01 2.230119e-11
2.355710e+01 1.971209e-11
2.357100e+01 2.556039e-11
2.358490e+01 3.008930e-11
2.359880e+01 2.629756e-11
2.361280e+01 1.916222e-11
2.362670e+01 1.583879e-11
2.364070e+01 1.620140e-11
2.365460e+01 1.455460e-11
2.366860e+01 9.670317e-12
2.368270e+01 4.536348e-12
2.369670e+01 2.072395e-12
2.371070e+01 1.825695e-12
2.372480e+01 5.574898e-12
2.373890e+01 1.125334e-11
2.375300e+01 1.709622e-11
2.376710e+01 1.830472e-11
2.378120e+01 6.700926e-12
2.379540e+01 6.842136e-13
2.380950e+01 1.574083e-12
2.382370e+01 1.513545e-12
2.383790e+01 6.753315e-13
2.385210e+01 3.524175e-13
2.386630e+01 1.163612e-12
2.388060e+01 1.799881e-12
2.389490e+01 4.391379e-12
2.390910e+01 1.075724e-11
2.392340e+01 1.223550e-11
2.393780e+01 1.580463e-11
2.395210e+01 2.571560e-11
2.396640e+01 2.359702e-11
2.398080e+01 1.490469e-11
2.399520e+01 1.457829e-11
2.400960e+01 1.253627e-11
2.402400e+01 4.497238e-12
2.403850e+01 1.163114e-12
2.405290e+01 1.611924e-13
2.406740e+01 5.879243e-14
2.408190e+01 7.839400e-14
2.409640e+01 2.242179e-13
2.411090e+01 2.269691e-13
2.412550e+01 5.291707e-13
2.414000e+01 6.113839e-12
2.415460e+01 1.229872e-11
2.416920e+01 1.233212e-11
2.418380e+01 1.600087e-11
2.419840e+01 1.594763e-11
2.421310e+01 1.117948e-11
2.422770e+01 9.804877e-12
2.424240e+01 7.197198e-12
2.425710e+01 2.222368e-12
2.427180e+01 4.440191e-13
2.428660e+01 4.427017e-13
2.430130e+01 2.302558e-13
2.431610e+01 1.485742e-13
2.433090e+01 1.170596e-13
2.434570e+01 2.722961e-13
2.436050e+01 1.308412e-13
2.437540e+01 1.707565e-12
2.439020e+01 1.884872e-12
2.440510e+01 9.789609e-13
2.442000e+01 5.077550e-12
2.443490e+01 5.536126e-12
2.444990e+01 3.424877e-12
2.446480e+01 2.510073e-12
2.447980e+01 8.852540e-13
2.449480e+01 1.495175e-12
2.450980e+01 2.022697e-12
2.452480e+01 3.353783e-12
2.453990e+01 6.026935e-12
2.455490e+01 6.488064e-12
2.457000e+01 3.541805e-12
2.458510e+01 3.261233e-12
2.460020e+01 7.377624e-13
2.461540e+01 6.434202e-13
2.463050e+01 1.557561e-12
2.464570e+01 4.009041e-12
2.466090e+01 4.020536e-12
2.467610e+01 9.239472e-12
2.469140e+01 1.227017e-11
2.470660e+01 1.224807e-11
2.472190e+01 1.848862e-11
2.473720e+01 2.196973e-11
2.475250e+01 1.915075e-11
2.476780e+01 2.342212e-11
2.478310e+01 3.225937e-11
2.479850e+01 2.532664e-11
2.481390e+01 2.181914e-11
2.482930e+01 2.472380e-11
2.484470e+01 1.856650e-11
2.486020e+01 1.920158e-11
2.487560e+01 3.175310e-11
2.489110e+01 3.285044e-11
2.490660e+01 3.387822e-11
2.492210e+01 4.158146e-11
2.493770e+01 3.599179e-11
2.495320e+01 2.756817e-11
2.496880e+01 3.002376e-11
2.498440e+01 2.527884e-11
2.500000e+01 2.013910e-11
2.501560e+01 2.276370e-11
2.503130e+01 2.923396e-11
2.504700e+01 3.454236e-11
2.506270e+01 4.209484e-11
2.507840e+01 4.933932e-11
2.509410e+01 4.537828e-11
2.510990e+01 4.756817e-11
2.512560e+01 6.064404e-11
2.514140e+01 6.922215e-11
2.515720e+01 8.302692e-11
2.517310e+01 9.858665e-11
2.518890e+01 1.095793e-10
2.520480e+01 1.235645e-10
2.522070e+01 1.431899e-10
2.523660e+01 1.693236e-10
2.525250e+01 2.000508e-10
2.526850e+01 2.222418e-10
2.528450e+01 2.378093e-10
2.530040e+01 2.647645e-10
2.531650e+01 2.996495e-10
2.533250e+01 3.866932e-10
2.534850e+01 5.425385e-10
2.536460e+01 6.768257e-10
2.538070e+01 7.936499e-10
2.539680e+01 9.587856e-10
2.541300e+01 1.047827e-09
2.542910e+01 1.168589e-09
2.544530e+01 1.528386e-09
2.546150e+01 1.852376e-09
2.547770e+01 2.140351e-09
2.549390e+01 2.638800e-09
2.551020e+01 2.944376e-09
2.552650e+01 3.114204e-09
2.554280e+01 3.682526e-09
2.555910e+01 3.928456e-09
2.557540e+01 3.651641e-09
2.559180e+01 3.950823e-09
2.560820e+01 4.523664e-09
2.562460e+01 4.920035e-09
2.564100e+01 6.063814e-09
2.565750e+01 7.209382e-09
2.567390e+01 7.048560e-09
2.569040e+01 6.860480e-09
2.570690e+01 6.875056e-09
2.572350e+01 6.297047e-09
2.574000e+01 5.996127e-09
2.575660e+01 6.113659e-09
2.577320e+01 5.465863e-09
2.578980e+01 4.644533e-09
2.580650e+01 4.413436e-09
2.582310e+01 4.098460e-09
2.583980e+01 3.846210e-09
2.585650e+01 4.157461e-09
2.587320e+01 4.147791e-09
2.589000e+01 3.622233e-09
2.590670e+01 3.375286e-09
2.592350e+01 3.153679e-09
2.594030e+01 2.647329e-09
2.595720e+01 2.293384e-09
2.597400e+01 1.986966e-09
2.599090e+01 1.506758e-09
2.600780e+01 1.308821e-09
2.602470e+01 1.402446e-09
2.604170e+01 1.392903e-09
2.605860e+01 1.345759e-09
2.607560e+01 1.330097e-09
2.609260e+01 1.145671e-09
2.610970e+01 9.254822e-10
2.612670e+01 8.238214e-10
2.614380e+01 6.869893e-10
2.616090e+01 5.521128e-10
2.617800e+01 5.687796e-10
2.619520e+01 6.097789e-10
2.621230e+01 5.986587e-10
2.622950e+01 6.426977e-10
2.624670e+01 6.485276e-10
2.626400e+01 5.798355e-10
2.628120e+01 5.468309e-10
2.629850e+01 4.948319e-10
2.631580e+01 3.910124e-10
2.633310e+01 3.336291e-10
2.635050e+01 3.213949e-10
2.636780e+01 3.084389e-10
2.638520e+01 3.353594e-10
2.640260e+01 3.719080e-10
2.642010e+01 3.243678e-10
2.643750e+01 2.683973e-10
2.645500e+01 2.509319e-10
2.647250e+01 1.989108e-10
2.649010e+01 1.479768e-10
2.650760e+01 1.640743e-10
2.652520e+01 1.860315e-10
2.654280e+01 2.110137e-10
2.656040e+01 2.611803e-10
2.657810e+01 2.906370e-10
2.659570e+01 2.997984e-10
2.661340e+01 3.071046e-10
2.663120e+01 3.117660e-10
2.664890e+01 3.324920e-10
2.666670e+01 3.532339e-10
2.668450e+01 3.652071e-10
2.670230e+01 3.790447e-10
2.672010e+01 3.826789e-10
2.673800e+01 3.655672e-10
2.675590e+01 3.430401e-10
2.677380e+01 3.164855e-10
2.679170e+01 2.907841e-10
2.680970e+01 2.816812e-10
2.682760e+01 2.863069e-10
2.684560e+01 2.754410e-10
2.686370e+01 2.406196e-10
2.688170e+01 2.243974e-10
2.689980e+01 2.094950e-10
2.691790e+01 1.811110e-10
2.693600e+01 1.784874e-10
2.695420e+01 1.774983e-10
2.697240e+01 1.318644e-10
2.699060e+01 9.364460e-11
2.700880e+01 8.761661e-11
2.702700e+01 7.647976e-11
2.704530e+01 7.654842e-11
2.706360e+01 1.091841e-10
2.708190e+01 1.279503e-10
2.710030e+01 1.278378e-10
2.711860e+01 1.329282e-10
2.713700e+01 1.250723e-10
2.715550e+01 1.058642e-10
2.717390e+01 1.082261e-10
2.719240e+01 1.136585e-10
2.721090e+01 1.112771e-10
2.722940e+01 1.168471e-10
2.724800e+01 1.265123e-10
2.726650e+01 1.228288e-10
2.728510e+01 1.130625e-10
2.730380e+01 1.031261e-10
2.732240e+01 8.757194e-11
2.734110e+01 7.474913e-11
2.735980e+01 6.916133e-11
2.737850e+01 6.479964e-11
2.739730e+01 6.059530e-11
2.741600e+01 6.139116e-11
2.743480e+01 6.677658e-11
2.745370e+01 6.989630e-11
2.747250e+01 6.943277e-11
2.749140e+01 6.798460e-11
2.751030e+01 5.911173e-11
2.752920e+01 4.887687e-11
2.754820e+01 4.290106e-11
2.756720e+01 4.274547e-11
2.758620e+01 4.608745e-11
2.760520e+01 5.308978e-11
2.762430e+01 6.059618e-11
2.764340e+01 6.479728e-11
2.766250e+01 6.417039e-11
2.768170e+01 7.313338e-11
2.770080e+01 7.749226e-11
2.772000e+01 7.940090e-11
2.773930e+01 8.612586e-11
2.775850e+01 8.504718e-11
2.777780e+01 8.490501e-11
2.779710e+01 9.567741e-11
2.781640e+01 9.912890e-11
2.783580e+01 9.712181e-11
2.785520e+01 9.922449e-11
2.787460e+01 9.831103e-11
2.789400e+01 1.007605e-10
2.791350e+01 1.185906e-10
2.793300e+01 1.358084e-10
2.795250e+01 1.444601e-10
2.797200e+01 1.664241e-10
2.799160e+01 1.937473e-10
2.801120e+01 2.099737e-10
2.803080e+01 2.312352e-10
2.805050e+01 2.500266e-10
2.807020e+01 2.406296e-10
2.808990e+01 2.320206e-10
2.810960e+01 2.344267e-10
2.812940e+01 2.252869e-10
2.814920e+01 2.166521e-10
2.816900e+01 2.209684e-10
2.818890e+01 2.230810e-10
2.820870e+01 2.341015e-10
2.822870e+01 2.649708e-10
2.824860e+01 2.813039e-10
2.826860e+01 2.804209e-10
2.828850e+01 2.906186e-10
2.830860e+01 2.897760e-10
2.832860e+01 2.581222e-10
2.834870e+01 2.250995e-10
2.836880e+01 1.779312e-10
2.838890e+01 1.018318e-10
2.840910e+01 3.452007e-11
2.842930e+01 1.082078e-12
2.844950e+01 1.572537e-11
2.846980e+01 7.160070e-11
2.849000e+01 1.391492e-10
2.851030e+01 1.766989e-10
2.853070e+01 1.912474e-10
2.855100e+01 2.011675e-10
2.857140e+01 1.889607e-10
2.859190e+01 1.744461e-10
2.861230e+01 1.808863e-10
2.863280e+01 1.569904e-10
2.865330e+01 1.174162e-10
2.867380e+01 1.163407e-10
2.869440e+01 1.182082e-10
2.871500e+01 9.581181e-11
2.873560e+01 8.422523e-11
2.875630e+01 7.414989e-11
2.877700e+01 4.912629e-11
2.879770e+01 4.254247e-11
2.881840e+01 5.171302e-11
2.883920e+01 4.211658e-11
2.886000e+01 2.841969e-11
2.888090e+01 2.381285e-11
2.890170e+01 1.502257e-11
2.892260e+01 1.031741e-11
2.894360e+01 1.282548e-11
2.896450e+01 8.395226e-12
2.898550e+01 1.871198e-12
2.900650e+01 5.173844e-14
2.902760e+01 1.453400e-12
2.904870e+01 2.820770e-12
2.906980e+01 7.095229e-12
2.909090e+01 1.393522e-11
2.911210e+01 1.386747e-11
2.913330e+01 1.616148e-11
2.915450e+01 2.055585e-11
2.917580e+01 2.129352e-11
2.919710e+01 3.001482e-11
2.921840e+01 4.618810e-11
2.923980e+01 5.644096e-11
2.926120e+01 7.219397e-11
2.928260e+01 8.988164e-11
2.930400e+01 8.828050e-11
2.932550e+01 8.287871e-11
2.934700e+01 8.644063e-11
2.936860e+01 7.316496e-11
2.939020e+01 5.766061e-11
2.941180e+01 5.852284e-11
2.943340e+01 4.862001e-11
2.945510e+01 3.169773e-11
2.947680e+01 5.183107e-11
2.949850e+01 6.960340e-11
2.952030e+01 6.940857e-11
2.954210e+01 9.660924e-11
2.956390e+01 1.087028e-10
2.958580e+01 9.558416e-11
2.960770e+01 1.225298e-10
2.962960e+01 1.582987e-10
2.965160e+01 1.669093e-10
2.967360e+01 2.017661e-10
2.969560e+01 2.331847e-10
2.971770e+01 2.188256e-10
2.973980e+01 2.435769e-10
2.976190e+01 3.009104e-10
2.978410e+01 3.299273e-10
2.980630e+01 3.609127e-10
2.982850e+01 4.218614e-10
2.985070e+01 4.168508e-10
2.987300e+01 3.908852e-10
2.989540e+01 4.330308e-10
2.991770e+01 4.466039e-10
2.994010e+01 4.290895e-10
2.996250e+01 4.802971e-10
2.998500e+01 5.167838e-10
3.000750e+01 4.951897e-10
3.003000e+01 5.230275e-10
3.005260e+01 5.191123e-10
3.007520e+01 4.400958e-10
3.009780e+01 4.051249e-10
3.012050e+01 3.879270e-10
3.014320e+01 3.358330e-10
3.016590e+01 3.458326e-10
3.018870e+01 4.027207e-10
3.021150e+01 3.954842e-10
3.023430e+01 3.815662e-10
3.025720e+01 3.734138e-10
3.028010e+01 2.780394e-10
3.030300e+01 2.119048e-10
3.032600e+01 2.005737e-10
3.034900e+01 1.616595e-10
3.037210e+01 1.346551e-10
3.039510e+01 1.171771e-10
3.041830e+01 8.359203e-11
3.044140e+01 1.005627e-10
3.046460e+01 1.259495e-10
3.048780e+01 1.094144e-10
3.051110e+01 7.582626e-11
3.053440e+01 3.459969e-11
3.055770e+01 1.394523e-11
3.058100e+01 7.491564e-11
3.060440e+01 1.233872e-10
3.062790e+01 1.143868e-10
3.065130e+01 9.337955e-11
3.067480e+01 8.982862e-11
3.069840e+01 9.362260e-11
3.072200e+01 1.397016e-10
3.074560e+01 2.237351e-10
3.076920e+01 2.481741e-10
3.079290e+01 2.485273e-10
3.081660e+01 2.223268e-10
3.084040e+01 1.499598e-10
3.086420e+01 1.444046e-10
3.088800e+01 1.849628e-10
3.091190e+01 1.958338e-10
3.093580e+01 2.065617e-10
3.095980e+01 2.434381e-10
3.098370e+01 2.563292e-10
3.100780e+01 2.673587e-10
3.103180e+01 2.981158e-10
3.105590e+01 2.918177e-10
3.108000e+01 2.511034e-10
3.110420e+01 2.182214e-10
3.112840e+01 1.580424e-10
3.115260e+01 7.591647e-11
3.117690e+01 1.846079e-11
3.120120e+01 2.488794e-13
3.122560e+01 2.826787e-14
3.125000e+01 5.484184e-14
3.127440e+01 1.019260e-13
3.129890e+01 1.571384e-13
3.132340e+01 2.219817e-13
3.134800e+01 2.745000e-13
3.137250e+01 3.084498e-12
3.139720e+01 2.870913e-11
3.142180e+01 1.946992e-11
3.144650e+01 8.088359e-12
3.147130e+01 2.680318e-12
3.149610e+01 1.250547e-11
3.152090e+01 5.875587e-10
3.154570e+01 1.141922e-08
3.157060e+01 1.117705e-07
3.159560e+01 2.988296e-07
3.162060e+01 3.955799e-07
3.164560e+01 3.258374e-07
3.167060e+01 1.749400e-07
3.169570e+01 3.989384e-08
3.172090e+01 1.570157e-10
3.174600e+01 8.735446e-12
3.177120e+01 1.347223e-12
3.179650e+01 2.169963e-14
3.182180e+01 4.531186e-12
3.184710e+01 7.438405e-11
3.187250e+01 8.341174e-11
3.189790e+01 6.621821e-11
3.192340e+01 7.249125e-11
3.194890e+01 1.076745e-10
3.197440e+01 1.540152e-10
3.200000e+01 1.777167e-10
3.202560e+01 1.644385e-10
3.205130e+01 1.515237e-10
3.207700e+01 1.435924e-10
3.210270e+01 1.346952e-10
3.212850e+01 1.367525e-10
3.215430e+01 1.275285e-10
3.218020e+01 1.046782e-10
3.220610e+01 1.009541e-10
3.223210e+01 1.151113e-10
3.225810e+01 1.392354e-10
3.228410e+01 1.725425e-10
3.231020e+01 1.915461e-10
3.233630e+01 1.992210e-10
3.236250e+01 2.154509e-10
3.238870e+01 2.329726e-10
3.241490e+01 2.373924e-10
3.244120e+01 2.251548e-10
3.246750e+01 1.942334e-10
3.249390e+01 1.473729e-10
3.252030e+01 1.169964e-10
3.254680e+01 1.073394e-10
3.257330e+01 9.757124e-11
3.259980e+01 9.385089e-11
3.262640e+01 9.509587e-11
3.265310e+01 8.257533e-11
3.267970e+01 7.683799e-11
3.270650e+01 8.055536e-11
3.273320e+01 7.364552e-11
3.276000e+01 7.529433e-11
3.278690e+01 8.773261e-11
3.281380e+01 8.345652e-11
3.284070e+01 7.401206e-11
3.286770e+01 7.820903e-11
3.289470e+01 8.004290e-11
3.292180e+01 8.160238e-11
3.294890e+01 9.178420e-11
3.297610e+01 9.496675e-11
3.300330e+01 8.662970e-11
3.303060e+01 7.784873e-11
3.305780e+01 7.632975e-11
3.308520e+01 8.030137e-11
3.311260e+01 8.715723e-11
3.314000e+01 9.588860e-11
3.316750e+01 1.008185e-10
3.319500e+01 1.062579e-10
3.322260e+01 1.216691e-10
3.325020e+01 1.330674e-10
3.327790e+01 1.332071e-10
3.330560e+01 1.248059e-10
3.333330e+01 1.066640e-10
3.336110e+01 7.865539e-11
3.338900e+01 5.575177e-11
3.341690e+01 5.314437e-11
3.344480e+01 5.009846e-11
3.347280e+01 4.374284e-11
3.350080e+01 4.696203e-11
3.352890e+01 4.322511e-11
3.355700e+01 3.479825e-11
3.358520e+01 3.387235e-11
3.361340e+01 3.691851e-11
3.364170e+01 3.385568e-11
3.367000e+01 2.983095e-11
3.369840e+01 3.326948e-11
3.372680e+01 2.719248e-11
3.375530e+01 1.877587e-11
3.378380e+01 2.599261e-11
3.381230e+01 2.584371e-11
3.384090e+01 1.658307e-11
3.386960e+01 1.576916e-11
3.389830e+01 1.146412e-11
3.392710e+01 4.511943e-12
3.395590e+01 6.803753e-12
3.398470e+01 8.429918e-12
3.401360e+01 3.054462e-12
3.404260e+01 3.134973e-12
3.407150e+01 4.748044e-12
3.410060e+01 2.501647e-12
3.412970e+01 3.375852e-12
3.415880e+01 5.441042e-12
3.418800e+01 2.890075e-12
3.421730e+01 1.936105e-12
3.424660e+01 3.125990e-12
3.427590e+01 1.842924e-12
3.430530e+01 1.324202e-12
3.433480e+01 2.851453e-12
3.436430e+01 2.116778e-12
3.439380e+01 1.188016e-12
3.442340e+01 4.920294e-12
3.445310e+01 5.609263e-12
3.448280e+01 4.894520e-12
3.451250e+01 9.930916e-12
3.454230e+01 1.066857e-11
3.457220e+01 7.110498e-12
3.460210e+01 7.365793e-12
3.463200e+01 4.995168e-12
3.466200e+01 4.782965e-13
3.469210e+01 4.035791e-13
3.472220e+01 1.619515e-12
3.475240e+01 2.271156e-13
3.478260e+01 1.179555e-12
3.481290e+01 6.457527e-12
3.484320e+01 5.241307e-12
3.487360e+01 5.481436e-12
3.490400e+01 1.084722e-11
3.493450e+01 7.102068e-12
3.496500e+01 1.466168e-12
3.499560e+01 3.918554e-12
3.502630e+01 1.246406e-12
3.505700e+01 6.327858e-13
3.508770e+01 8.286979e-13
3.511850e+01 1.127092e-12
3.514940e+01 9.751605e-13
3.518030e+01 3.842597e-12
3.521130e+01 8.098391e-12
3.524230e+01 3.940887e-12
3.527340e+01 1.042159e-11
3.530450e+01 1.601907e-11
3.533570e+01 1.076432e-11
3.536690e+01 1.281007e-11
3.539820e+01 1.119945e-11
3.542960e+01 4.963949e-12
3.546100e+01 3.951096e-12
3.549250e+01 1.897989e-12
3.552400e+01 5.658988e-13
3.555560e+01 2.131955e-13
3.558720e+01 5.945405e-14
3.561890e+01 6.991993e-14
3.565060e+01 4.921640e-14
3.568240e+01 6.247084e-13
3.571430e+01 1.202410e-13
3.574620e+01 2.521948e-12
3.577820e+01 4.847058e-12
3.581020e+01 2.134002e-12
3.584230e+01 1.359647e-12
3.587440e+01 2.677170e-12
3.590660e+01 3.784405e-13
3.593890e+01 1.951879e-13
3.597120e+01 1.057030e-12
3.600360e+01 4.642644e-13
3.603600e+01 3.009832e-13
3.606850e+01 4.690997e-12
3.610110e+01 6.348879e-12
3.613370e+01 6.369191e-12
3.616640e+01 7.827330e-12
3.619910e+01 6.404608e-12
3.623190e+01 3.875321e-12
3.626470e+01 3.827034e-12
3.629760e+01 4.588142e-12
3.633060e+01 5.255176e-12
3.636360e+01 6.304349e-12
3.639670e+01 5.351716e-12
3.642990e+01 3.836124e-12
3.646310e+01 4.484238e-12
3.649630e+01 5.414785e-12
3.652970e+01 2.851084e-12
3.656310e+01 8.096701e-13
3.659650e+01 4.234888e-13
3.663000e+01 2.948848e-12
3.666360e+01 1.374183e-12
3.669720e+01 6.429319e-13
3.673090e+01 6.069564e-12
3.676470e+01 5.041314e-12
3.679850e+01 4.576297e-13
3.683240e+01 6.497505e-12
3.686640e+01 1.163014e-11
3.690040e+01 9.031072e-13
3.693440e+01 6.465082e-12
3.696860e+01 1.751592e-11
3.700280e+01 1.147943e-11
3.703700e+01 1.213752e-11
3.707140e+01 1.615308e-11
3.710580e+01 6.658727e-12
3.714020e+01 1.654331e-12
3.717470e+01 5.538668e-12
3.720930e+01 1.022558e-12
3.724390e+01 3.672244e-13
3.727870e+01 9.527521e-13
3.731340e+01 6.204457e-13
3.734830e+01 9.550880e-13
3.738320e+01 4.092604e-12
3.741810e+01 3.300645e-12
3.745320e+01 1.957372e-12
3.748830e+01 2.890137e-12
3.752350e+01 6.411390e-13
3.755870e+01 1.142711e-13
3.759400e+01 1.049292e-12
3.762940e+01 1.574105e-13
3.766480e+01 2.145359e-13
3.770030e+01 8.926701e-13
3.773580e+01 8.538547e-13
3.777150e+01 1.517062e-12
3.780720e+01 6.486803e-12
3.784300e+01 7.058554e-12
3.787880e+01 5.201356e-12
3.791470e+01 8.195123e-12
3.795070e+01 3.031304e-12
3.798670e+01 3.537082e-13
3.802280e+01 1.347760e-12
3.805900e+01 3.776997e-13
3.809520e+01 5.997452e-13
3.813160e+01 8.759655e-13
3.816790e+01 4.052721e-13
3.820440e+01 2.562694e-13
3.824090e+01 1.624969e-12
3.827750e+01 3.568617e-12
3.831420e+01 3.688024e-13
3.835090e+01 3.364813e-12
3.838770e+01 7.628533e-12
3.842460e+01 3.911145e-12
3.846150e+01 6.267202e-12
3.849860e+01 1.149587e-11
3.853560e+01 6.930530e-12
3.857280e+01 3.678360e-12
3.861000e+01 5.240026e-12
3.864730e+01 5.766070e-13
3.868470e+01 9.389394e-13
3.872220e+01 9.109777e-13
3.875970e+01 2.991003e-13
3.879730e+01 1.710563e-12
3.883500e+01 1.122418e-11
3.887270e+01 1.402789e-11
3.891050e+01 1.301379e-11
3.894840e+01 1.422593e-11
3.898640e+01 1.146523e-11
3.902440e+01 5.926536e-12
3.906250e+01 5.948963e-12
3.910070e+01 5.818049e-12
3.913890e+01 4.150116e-12
3.917730e+01 6.328129e-12
3.921570e+01 7.328109e-12
3.925420e+01 6.522621e-12
3.929270e+01 7.049755e-12
3.933140e+01 6.669704e-12
3.937010e+01 6.556396e-12
3.940890e+01 8.672917e-12
3.944770e+01 9.253830e-12
3.948670e+01 9.669369e-12
3.952570e+01 1.136229e-11
3.956480e+01 9.430722e-12
3.960400e+01 8.639404e-12
3.964320e+01 1.271098e-11
3.968250e+01 1.543427e-11
3.972190e+01 1.854300e-11
3.976140e+01 2.785791e-11
3.980100e+01 3.233541e-11
3.984060e+01 3.276580e-11
3.988040e+01 4.514698e-11
3.992020e+01 5.989086e-11
3.996000e+01 7.377286e-11
4.000000e+01 1.163486e-10
4.004000e+01 1.676465e-10
4.008020e+01 1.971118e-10
4.012040e+01 2.641176e-10
4.016060e+01 3.472993e-10
4.020100e+01 3.838037e-10
4.024140e+01 4.676620e-10
4.028200e+01 5.951330e-10
4.032260e+01 6.602453e-10
4.036330e+01 8.343525e-10
4.040400e+01 1.140901e-09
4.044490e+01 1.308898e-09
4.048580e+01 1.525287e-09
4.052680e+01 1.744422e-09
4.056800e+01 1.663913e-09
4.060910e+01 1.696682e-09
4.065040e+01 2.007030e-09
4.069180e+01 2.205299e-09
4.073320e+01 2.406662e-09
4.077470e+01 2.599519e-09
4.081630e+01 2.380223e-09
4.085800e+01 2.052740e-09
4.089980e+01 1.950532e-09
4.094170e+01 1.740629e-09
4.098360e+01 1.539489e-09
4.102560e+01 1.547682e-09
4.106780e+01 1.419064e-09
4.111000e+01 1.296875e-09
4.115230e+01 1.438894e-09
4.119460e+01 1.406461e-09
4.123710e+01 1.202342e-09
4.127970e+01 1.150386e-09
4.132230e+01 8.775886e-10
4.136500e+01 5.121574e-10
4.140790e+01 4.616479e-10
4.145080e+01 4.470531e-10
4.149380e+01 3.106018e-10
4.153690e+01 3.453654e-10
4.158000e+01 4.530560e-10
4.162330e+01 3.774526e-10
4.166670e+01 4.154376e-10
4.171010e+01 5.824287e-10
4.175370e+01 5.266928e-10
4.179730e+01 5.124305e-10
4.184100e+01 6.250217e-10
4.188480e+01 4.743377e-10
4.192870e+01 3.321672e-10
4.197270e+01 3.758102e-10
4.201680e+01 3.376942e-10
4.206100e+01 3.304911e-10
4.210530e+01 5.759437e-10
4.214960e+01 7.183000e-10
4.219410e+01 6.650912e-10
4.223860e+01 8.029632e-10
4.228330e+01 8.520691e-10
4.232800e+01 6.671761e-10
4.237290e+01 6.431571e-10
4.241780e+01 6.480853e-10
4.246280e+01 4.534625e-10
4.250800e+01 4.056711e-10
4.255320e+01 4.995387e-10
4.259850e+01 4.304543e-10
4.264390e+01 3.700266e-10
4.268940e+01 4.028242e-10
4.273500e+01 3.170067e-10
4.278080e+01 2.445262e-10
4.282660e+01 3.177252e-10
4.287250e+01 3.340594e-10
4.291850e+01 2.770601e-10
4.296460e+01 2.988708e-10
4.301080e+01 2.708517e-10
4.305700e+01 1.809733e-10
4.310340e+01 1.737614e-10
4.314990e+01 1.809665e-10
4.319650e+01 1.420180e-10
4.324320e+01 1.390108e-10
4.329000e+01 1.542095e-10
4.333690e+01 1.240597e-10
4.338390e+01 1.028678e-10
4.343110e+01 1.009126e-10
4.347830e+01 7.303741e-11
4.352560e+01 5.049410e-11
4.357300e+01 4.699223e-11
4.362050e+01 3.420288e-11
4.366810e+01 2.390396e-11
4.371580e+01 3.305659e-11
4.376370e+01 3.552857e-11
4.381160e+01 2.912668e-11
4.385960e+01 3.640725e-11
4.390780e+01 3.458775e-11
4.395600e+01 1.930489e-11
4.400440e+01 1.648430e-11
4.405290e+01 1.398688e-11
4.410140e+01 5.596449e-12
4.415010e+01 1.957675e-12
4.419890e+01 3.381898e-12
4.424780e+01 3.021466e-12
4.429680e+01 1.061700e-12
4.439510e+01 5.018089e-12
4.444440e+01 2.430675e-11
4.449390e+01 5.988833e-11
4.454340e+01 6.837966e-11
4.459310e+01 5.582499e-11
4.464290e+01 5.039015e-11
4.469270e+01 3.689478e-11
4.474270e+01 1.835541e-11
4.479280e+01 9.166537e-12
4.484300e+01 7.175720e-12
4.489340e+01 4.477018e-12
4.494380e+01 1.154232e-11
4.499440e+01 2.653169e-11
4.504500e+01 2.403288e-11
4.509580e+01 1.722079e-11
4.514670e+01 1.805927e-11
4.519770e+01 1.578596e-11
4.524890e+01 2.029272e-11
4.530010e+01 3.821754e-11
4.535150e+01 4.047021e-11
4.540300e+01 3.445984e-11
4.545450e+01 4.033506e-11
4.550630e+01 4.336985e-11
4.555810e+01 3.766680e-11
4.561000e+01 4.507860e-11
4.566210e+01 5.321486e-11
4.571430e+01 4.172759e-11
4.576660e+01 3.850573e-11
4.581900e+01 4.544568e-11
4.587160e+01 4.144006e-11
4.592420e+01 3.448172e-11
4.597700e+01 3.099016e-11
4.602990e+01 3.357179e-11
4.608300e+01 5.153138e-11
4.613610e+01 6.969080e-11
4.618940e+01 5.653812e-11
4.624280e+01 3.423201e-11
4.629630e+01 1.238548e-11
4.634990e+01 6.796101e-12
4.640370e+01 1.600320e-11
4.645760e+01 3.104277e-11
4.651160e+01 2.438584e-11
4.656580e+01 3.421849e-11
4.662000e+01 5.798345e-11
4.667440e+01 5.237705e-11
4.672900e+01 8.598847e-11
4.678360e+01 1.124003e-10
4.683840e+01 6.098394e-11
4.689330e+01 2.340403e-11
4.694840e+01 2.274314e-11
4.700350e+01 4.438857e-11
4.705880e+01 5.269702e-11
4.711430e+01 6.852686e-11
4.716980e+01 7.356526e-11
4.722550e+01 7.680081e-11
4.728130e+01 1.585456e-10
4.733730e+01 2.316964e-10
4.739340e+01 2.883137e-10
4.744960e+01 5.685796e-10
4.750590e+01 7.491896e-10
4.756240e+01 6.994118e-10
4.761900e+01 9.018796e-10
4.767580e+01 9.489691e-10
4.773270e+01 6.513789e-10
4.778970e+01 5.388000e-10
4.784690e+01 6.004366e-10
4.790420e+01 5.812476e-10
4.796160e+01 5.849082e-10
4.801920e+01 9.496131e-10
4.807690e+01 1.404352e-09
4.813480e+01 1.517483e-09
4.819280e+01 1.514781e-09
4.825090e+01 1.440603e-09
4.830920e+01 1.195212e-09
4.836760e+01 9.136960e-10
4.842620e+01 8.308693e-10
4.848480e+01 6.539075e-10
4.854370e+01 3.977209e-10
4.860270e+01 7.166965e-10
4.866180e+01 1.260212e-09
4.872110e+01 1.547208e-09
4.878050e+01 2.893354e-09
4.884000e+01 4.295661e-09
4.889980e+01 4.165368e-09
4.895960e+01 5.680270e-09
4.901960e+01 9.476999e-09
4.907980e+01 1.068779e-08
4.914000e+01 7.517261e-09
4.920050e+01 9.462546e-09
4.926110e+01 1.628776e-08
4.932180e+01 1.508864e-08
4.938270e+01 1.782218e-08
4.944380e+01 2.736134e-08
4.950500e+01 2.421701e-08
4.956630e+01 2.205779e-08
4.962780e+01 2.652237e-08
4.968940e+01 2.098563e-08
4.975120e+01 2.107037e-08
4.981320e+01 3.033207e-08
4.987530e+01 3.700707e-08
4.993760e+01 5.578544e-08
5.000000e+01 9.078679e-08
5.006260e+01 1.315995e-07
5.012530e+01 1.789477e-07
5.018820e+01 2.340088e-07
5.025130e+01 2.610205e-07
5.031450e+01 2.660795e-07
5.037780e+01 2.856445e-07
5.044140e+01 2.763048e-07
5.050510e+01 2.515606e-07
5.056890e+01 2.476682e-07
5.063290e+01 1.691036e-07
5.069710e+01 1.172220e-07
5.076140e+01 2.949211e-07
5.082590e+01 5.642935e-07
5.089060e+01 8.244375e-07
5.095540e+01 1.206522e-06
5.102040e+01 1.437200e-06
5.108560e+01 1.430041e-06
5.115090e+01 1.555795e-06
5.121640e+01 1.648600e-06
5.128210e+01 1.444413e-06
5.134790e+01 1.439139e-06
5.141390e+01 1.539984e-06
5.148010e+01 1.362073e-06
5.154640e+01 1.662602e-06
5.161290e+01 2.389898e-06
5.167960e+01 2.622385e-06
5.174640e+01 2.925016e-06
5.181350e+01 3.494137e-06
5.188070e+01 3.310886e-06
5.194810e+01 3.198841e-06
5.201560e+01 3.930774e-06
5.208330e+01 4.296043e-06
5.215120e+01 4.681280e-06
5.221930e+01 5.807317e-06
5.228760e+01 6.212142e-06
5.235600e+01 6.333230e-06
5.242460e+01 7.331658e-06
5.249340e+01 7.126579e-06
5.256240e+01 5.602622e-06
5.263160e+01 5.117366e-06
5.270090e+01 4.692003e-06
5.277040e+01 3.970349e-06
5.284020e+01 4.902003e-06
5.291010e+01 5.433788e-06
5.298010e+01 3.953599e-06
5.305040e+01 3.277873e-06
5.312080e+01 3.269573e-06
5.319150e+01 2.418860e-06
5.326230e+01 2.646223e-06
5.333330e+01 3.593588e-06
5.340450e+01 3.597033e-06
5.347590e+01 3.772308e-06
5.354750e+01 4.530852e-06
5.361930e+01 3.875806e-06
5.369130e+01 2.820175e-06
5.376340e+01 2.994845e-06
5.383580e+01 3.161024e-06
5.390840e+01 3.179930e-06
5.398110e+01 4.037738e-06
5.405410e+01 4.568481e-06
5.412720e+01 4.306544e-06
5.420050e+01 4.671440e-06
5.427410e+01 4.763290e-06
5.434780e+01 3.595466e-06
5.442180e+01 3.254395e-06
5.449590e+01 3.724065e-06
5.457030e+01 3.902573e-06
5.464480e+01 6.425303e-06
5.471960e+01 1.043464e-05
5.479449e+01 1.161807e-05
5.486970e+01 1.205424e-05
5.494510e+01 1.278173e-05
5.502060e+01 1.009283e-05
5.509640e+01 7.885592e-06
5.517240e+01 1.014499e-05
5.524860e+01 1.251222e-05
5.532500e+01 1.815100e-05
5.540169e+01 3.089630e-05
5.547850e+01 4.082852e-05
5.555559e+01 4.776633e-05
5.563280e+01 5.816288e-05
5.571030e+01 5.729529e-05
5.578800e+01 4.033759e-05
5.586590e+01 2.581869e-05
5.594410e+01 1.261750e-05
5.602240e+01 8.089133e-07
5.610101e+01 7.907191e-06
5.617979e+01 3.236476e-05
5.625880e+01 5.121654e-05
5.633801e+01 7.343574e-05
5.641750e+01 9.498027e-05
5.649720e+01 9.271469e-05
5.657710e+01 8.743168e-05
5.665720e+01 8.439592e-05
5.673760e+01 5.712760e-05
5.681820e+01 3.468655e-05
5.689899e+01 3.806473e-05
5.698009e+01 2.862093e-05
5.706130e+01 1.252836e-05
5.714290e+01 1.976292e-05
5.722460e+01 2.687861e-05
5.730660e+01 3.073001e-05
5.738880e+01 4.856492e-05
5.747129e+01 4.991803e-05
5.755400e+01 3.623955e-05
5.763690e+01 4.990491e-05
5.772010e+01 6.435528e-05
5.780350e+01 5.446989e-05
5.788710e+01 6.055330e-05
5.797100e+01 8.485665e-05
5.805520e+01 1.181521e-04
5.813950e+01 1.878816e-04
5.822420e+01 2.638525e-04
5.830900e+01 2.876947e-04
5.839420e+01 2.824194e-04
5.847950e+01 2.798901e-04
5.856520e+01 2.709946e-04
5.865100e+01 2.618857e-04
5.873720e+01 2.453640e-04
5.882350e+01 2.094028e-04
5.891019e+01 1.891221e-04
5.899710e+01 1.943902e-04
5.908421e+01 1.889949e-04
5.917160e+01 1.663950e-04
5.925930e+01 1.471814e-04
5.934720e+01 1.510536e-04
5.943540e+01 1.812230e-04
5.952380e+01 2.087892e-04
5.961250e+01 2.033170e-04
5.970150e+01 1.849070e-04
5.979070e+01 1.831512e-04
5.988020e+01 1.989795e-04
5.997001e+01 2.125448e-04
6.006010e+01 1.931689e-04
6.015040e+01 1.646849e-04
6.024100e+01 1.846746e-04
6.033180e+01 2.132185e-04
6.042300e+01 2.036250e-04
6.051440e+01 1.912190e-04
6.060610e+01 1.831976e-04
6.069800e+01 1.986083e-04
6.079030e+01 3.165936e-04
6.088281e+01 4.749464e-04
6.097561e+01 5.577852e-04
6.106870e+01 6.040043e-04
6.116210e+01 6.048639e-04
6.125570e+01 4.886695e-04
6.134970e+01 3.603209e-04
6.144391e+01 2.694799e-04
6.153850e+01 1.469820e-04
6.163330e+01 1.132773e-04
6.172841e+01 1.885006e-04
6.182380e+01 1.734337e-04
6.191950e+01 1.369490e-04
6.201550e+01 2.179164e-04
6.211180e+01 2.523007e-04
6.220840e+01 2.534906e-04
6.230530e+01 3.594323e-04
6.240250e+01 3.856745e-04
6.250000e+01 3.371232e-04
6.259780e+01 4.053191e-04
6.269590e+01 4.961824e-04
6.279430e+01 4.702183e-04
6.289310e+01 5.367963e-04
6.299210e+01 5.823870e-04
6.309150e+01 4.710131e-04
6.319120e+01 4.960464e-04
6.329110e+01 5.484035e-04
6.339140e+01 3.587031e-04
6.349210e+01 2.587320e-04
6.359300e+01 3.282751e-04
6.369430e+01 2.343675e-04
6.379590e+01 2.247875e-04
6.389780e+01 4.231577e-04
6.400000e+01 4.069697e-04
6.410260e+01 3.532176e-04
6.420550e+01 5.352810e-04
6.430870e+01 5.302043e-04
6.441220e+01 4.260753e-04
6.451610e+01 5.641412e-04
6.462040e+01 5.223292e-04
6.472490e+01 3.222017e-04
6.482980e+01 4.129631e-04
6.493510e+01 3.637369e-04
6.504060e+01 5.903766e-05
6.514660e+01 1.624411e-04
6.525290e+01 3.838371e-04
6.535950e+01 2.781705e-04
6.546640e+01 3.766055e-04
6.557380e+01 5.901642e-04
6.568140e+01 4.093956e-04
6.578950e+01 3.643096e-04
6.589790e+01 5.975880e-04
6.600660e+01 5.113846e-04
6.611570e+01 4.515983e-04
6.622520e+01 6.344951e-04
6.633500e+01 5.044718e-04
6.644520e+01 1.930981e-04
6.655570e+01 3.144488e-04
6.666670e+01 2.402762e-04
6.677800e+01 2.204518e-05
6.688960e+01 1.755300e-04
6.700170e+01 2.839001e-04
6.711410e+01 1.693397e-05
6.722690e+01 1.244531e-04
6.734010e+01 3.122903e-04
6.745360e+01 2.132633e-05
6.756760e+01 1.419716e-04
6.768190e+01 3.417049e-04
6.779660e+01 6.445632e-05
6.791170e+01 7.541969e-05
6.802720e+01 3.597991e-04
6.814310e+01 7.506801e-05
6.825940e+01 1.404846e-05
6.837610e+01 2.015526e-04
6.849310e+01 6.999795e-05
6.861060e+01 6.344120e-05
6.872850e+01 2.164292e-04
6.884680e+01 1.056929e-04
6.896550e+01 6.192074e-05
6.908460e+01 5.073668e-04
6.920420e+01 4.001097e-04
6.932410e+01 2.890140e-04
6.944440e+01 7.155622e-04
6.956520e+01 5.360997e-04
6.968640e+01 1.977317e-04
6.980800e+01 5.363812e-04
6.993010e+01 2.945036e-04
7.005250e+01 7.889369e-05
7.017540e+01 1.996486e-04
7.029880e+01 2.194435e-04
7.042250e+01 3.674597e-05
7.054670e+01 3.132608e-04
7.067140e+01 6.562926e-04
7.079650e+01 2.727208e-04
7.092200e+01 5.821716e-04
7.104800e+01 1.140474e-03
7.117440e+01 8.190793e-04
7.130120e+01 9.253104e-04
7.142860e+01 1.385211e-03
7.155640e+01 9.567523e-04
7.168460e+01 8.564513e-04
7.181330e+01 1.341624e-03
7.194240e+01 9.051336e-04
7.207210e+01 5.224225e-04
7.220220e+01 9.156085e-04
7.233270e+01 5.521875e-04
7.246380e+01 1.282524e-04
7.259530e+01 6.050920e-04
7.272730e+01 3.258001e-04
7.285970e+01 6.485590e-05
7.299270e+01 6.998629e-05
7.312610e+01 1.935091e-04
7.326010e+01 9.854164e-06
7.339450e+01 2.438404e-05
7.352940e+01 1.030200e-04
7.366480e+01 2.116620e-05
7.380070e+01 8.905910e-05
7.393720e+01 1.689164e-05
7.407410e+01 9.215273e-05
7.421150e+01 3.475680e-04
7.434940e+01 1.913176e-04
7.448790e+01 2.178538e-04
7.462690e+01 4.191166e-04
7.476640e+01 1.904929e-04
7.490640e+01 5.537497e-05
7.504690e+01 1.483906e-04
7.518800e+01 2.576039e-05
7.532960e+01 1.359522e-05
7.547170e+01 2.137561e-04
7.561440e+01 1.982539e-04
7.575760e+01 1.922827e-04
7.590130e+01 8.343614e-04
7.604560e+01 5.048915e-04
7.619050e+01 1.295625e-04
7.633590e+01 8.587245e-04
7.648180e+01 5.845235e-04
7.662830e+01 1.451366e-04
7.677540e+01 1.053103e-03
7.692310e+01 1.053519e-03
7.707130e+01 4.943915e-04
7.722010e+01 1.432841e-03
7.736940e+01 1.830191e-03
7.751940e+01 1.199727e-03
7.766990e+01 1.970974e-03
7.782100e+01 2.573534e-03
7.797270e+01 1.840816e-03
7.812500e+01 2.425735e-03
7.827790e+01 3.349865e-03
7.843140e+01 2.735965e-03
7.858550e+01 3.116931e-03
7.874020e+01 4.342722e-03
7.889550e+01 4.263251e-03
7.905140e+01 5.014027e-03
7.920790e+01 6.927968e-03
7.936510e+01 7.363959e-03
7.952290e+01 8.084819e-03
7.968130e+01 1.020380e-02
7.984030e+01 1.099487e-02
8.000000e+01 1.176617e-02
8.016030e+01 1.431849e-02
8.032130e+01 1.590746e-02
8.048290e+01 1.730536e-02
8.064520e+01 2.101978e-02
8.080810e+01 2.443208e-02
8.097170e+01 2.691942e-02
8.113590e+01 3.156987e-02
8.130080e+01 3.742142e-02
8.146640e+01 4.304100e-02
8.163270e+01 4.952157e-02
8.179960e+01 5.625807e-02
8.196720e+01 6.375123e-02
8.213550e+01 7.316643e-02
8.230450e+01 8.329054e-02
8.247420e+01 9.593642e-02
8.264460e+01 1.100557e-01
8.281570e+01 1.248683e-01
8.298750e+01 1.416048e-01
8.316010e+01 1.593189e-01
8.333330e+01 1.765911e-01
8.350730e+01 1.947379e-01
8.368200e+01 2.131502e-01
8.385740e+01 2.294922e-01
8.403360e+01 2.450789e-01
8.421050e+01 2.541696e-01
8.438820e+01 2.671375e-01
8.456660e+01 2.794015e-01
8.474580e+01 2.925851e-01
8.492570e+01 3.061587e-01
8.510640e+01 3.212442e-01
8.528780e+01 3.381218e-01
8.547010e+01 3.542705e-01
8.565310e+01 3.697782e-01
8.583690e+01 3.847847e-01
8.602150e+01 3.957849e-01
8.620690e+01 4.051033e-01
8.639310e+01 4.131770e-01
8.658010e+01 4.177996e-01
8.676790e+01 4.197674e-01
8.695650e+01 4.211994e-01
8.714600e+01 4.210225e-01
8.733620e+01 4.191877e-01
8.752740e+01 4.177490e-01
8.771930e+01 4.158943e-01
8.791210e+01 4.130011e-01
8.810570e+01 4.110612e-01
8.830020e+01 4.095020e-01
8.849560e+01 4.066734e-01
8.869180e+01 4.043918e-01
8.888890e+01 4.024567e-01
8.908690e+01 3.991444e-01
8.928570e+01 3.954893e-01
8.948550e+01 3.933309e-01
8.968610e+01 3.904460e-01
8.988760e+01 3.884868e-01
9.009010e+01 3.895512e-01
9.029350e+01 3.924111e-01
9.049770e+01 3.976392e-01
9.070290e+01 4.061348e-01
9.090910e+01 4.143320e-01
9.111620e+01 4.227318e-01
9.132420e+01 4.338514e-01
9.153320e+01 4.449901e-01
9.174310e+01 4.549743e-01
9.195400e+01 4.662644e-01
9.216590e+01 4.770594e-01
9.237880e+01 4.865302e-01
9.259260e+01 4.972591e-01
9.280740e+01 5.076816e-01
9.302330e+01 5.158742e-01
9.324010e+01 5.245676e-01
9.345790e+01 5.334566e-01
9.367680e+01 5.392867e-01
9.389670e+01 5.444525e-01
9.411760e+01 5.492014e-01
9.433960e+01 5.507302e-01
9.456260e+01 5.514781e-01
9.478670e+01 5.538240e-01
9.501190e+01 5.549637e-01
9.523810e+01 5.563900e-01
9.546540e+01 5.590029e-01
9.569380e+01 5.595048e-01
9.592330e+01 5.588273e-01
9.615380e+01 5.615458e-01
9.638550e+01 5.630651e-01
9.661840e+01 5.615592e-01
9.685230e+01 5.623344e-01
9.708740e+01 5.632142e-01
9.732360e+01 5.619466e-01
9.756100e+01 5.626384e-01
9.779950e+01 5.631988e-01
9.803920e+01 5.615493e-01
9.828010e+01 5.611142e-01
9.852220e+01 5.606012e-01
9.876540e+01 5.567593e-01
9.900990e+01 5.522507e-01
9.925560e+01 5.474872e-01
9.950250e+01 5.394750e-01
9.975060e+01 5.321296e-01
1.000000e+02 5.282155e-01
1.002510e+02 5.231869e-01
1.005030e+02 5.174464e-01
1.007560e+02 5.130579e-01
1.010100e+02 5.060908e-01
1.012660e+02 4.994379e-01
1.015230e+02 4.966163e-01
1.017810e+02 4.941386e-01
1.020410e+02 4.896509e-01
1.023020e+02 4.870847e-01
1.025640e+02 4.847764e-01
1.028280e+02 4.810706e-01
1.030930e+02 4.796184e-01
1.033590e+02 4.786623e-01
1.036270e+02 4.750699e-01
1.038960e+02 4.708829e-01
1.041670e+02 4.656928e-01
1.044390e+02 4.578027e-01
1.047120e+02 4.511083e-01
1.049870e+02 4.456517e-01
1.052630e+02 4.365571e-01
1.055410e+02 4.271540e-01
1.058200e+02 4.234117e-01
1.061010e+02 4.183398e-01
1.063830e+02 4.137716e-01
1.066670e+02 4.157840e-01
1.069520e+02 4.176329e-01
1.072390e+02 4.169892e-01
1.075270e+02 4.198425e-01
1.078170e+02 4.193594e-01
1.081080e+02 4.144356e-01
1.084010e+02 4.152568e-01
1.086960e+02 4.172761e-01
1.089920e+02 4.118589e-01
1.092900e+02 4.095784e-01
1.095890e+02 4.104424e-01
1.098900e+02 4.051976e-01
1.101930e+02 4.032733e-01
1.104970e+02 4.058937e-01
1.108030e+02 4.021999e-01
1.111110e+02 3.995440e-01
1.114210e+02 4.029968e-01
1.117320e+02 3.992866e-01
1.120450e+02 3.956154e-01
1.123600e+02 3.984392e-01
1.126760e+02 3.955971e-01
1.129940e+02 3.908561e-01
1.133140e+02 3.915151e-01
1.136360e+02 3.874637e-01
1.139600e+02 3.802778e-01
1.142860e+02 3.793002e-01
1.146130e+02 3.774694e-01
1.149430e+02 3.708267e-01
1.152740e+02 3.681658e-01
1.156070e+02 3.655164e-01
1.159420e+02 3.577434e-01
1.162790e+02 3.537162e-01
1.166180e+02 3.517384e-01
1.169590e+02 3.444795e-01
1.173020e+02 3.394569e-01
1.176470e+02 3.370996e-01
1.179940e+02 3.286452e-01
1.183430e+02 3.209089e-01
1.186940e+02 3.164409e-01
1.190480e+02 3.068294e-01
1.194030e+02 2.967521e-01
1.197600e+02 2.894783e-01
1.201200e+02 2.780038e-01
1.204820e+02 2.649772e-01
1.208460e+02 2.545922e-01
1.212120e+02 2.414571e-01
1.215810e+02 2.264886e-01
1.219510e+02 2.138173e-01
1.223240e+02 1.992662e-01
1.226990e+02 1.827229e-01
1.230770e+02 1.681505e-01
1.234570e+02 1.531366e-01
1.238390e+02 1.366457e-01
1.242240e+02 1.220555e-01
1.246110e+02 1.085027e-01
1.250000e+02 9.424378e-02
1.253920e+02 8.112512e-02
1.257860e+02 6.931529e-02
1.261830e+02 5.788389e-02
1.265820e+02 4.816938e-02
1.269840e+02 3.996055e-02
1.273890e+02 3.224173e-02
1.277960e+02 2.568500e-02
1.282050e+02 2.042604e-02
1.286170e+02 1.576788e-02
1.290320e+02 1.205878e-02
1.294500e+02 9.501670e-03
1.298700e+02 7.680714e-03
1.302930e+02 6.402058e-03
1.307190e+02 5.691841e-03
1.311480e+02 5.398982e-03
1.315790e+02 5.238066e-03
1.320130e+02 5.216735e-03
1.324500e+02 5.266775e-03
1.328900e+02 5.354954e-03
1.333330e+02 5.485305e-03
1.337790e+02 5.512586e-03
1.342280e+02 5.376783e-03
1.346800e+02 5.153546e-03
1.351350e+02 4.859023e-03
1.355930e+02 4.513674e-03
1.360540e+02 4.210812e-03
1.365190e+02 3.924820e-03
1.369860e+02 3.563421e-03
1.374570e+02 3.208178e-03
1.379310e+02 2.856083e-03
1.384080e+02 2.447028e-03
1.388890e+02 2.087359e-03
1.393730e+02 1.841900e-03
1.398600e+02 1.588256e-03
1.403510e+02 1.314674e-03
1.408450e+02 1.086051e-03
1.413430e+02 8.733298e-04
1.418440e+02 6.885687e-04
1.423490e+02 5.524235e-04
1.428570e+02 4.425352e-04
1.433690e+02 3.529002e-04
1.438850e+02 2.902763e-04
1.444040e+02 2.342877e-04
1.449280e+02 1.785228e-04
1.454550e+02 1.377970e-04
1.459850e+02 1.100968e-04
1.465200e+02 8.607615e-05
1.470590e+02 6.821855e-05
1.476010e+02 5.327216e-05
1.481480e+02 3.889029e-05
1.486990e+02 2.926579e-05
1.492540e+02 2.394232e-05
1.498130e+02 1.858335e-05
1.503760e+02 1.426868e-05
1.509430e+02 1.206816e-05
1.515150e+02 9.909662e-06
1.520910e+02 7.706042e-06
1.526720e+02 6.498856e-06
1.532570e+02 5.322244e-06
1.538460e+02 4.055257e-06
1.544400e+02 3.417155e-06
1.550390e+02 2.764449e-06
1.556420e+02 1.941080e-06
1.562500e+02 1.592590e-06
1.568630e+02 1.454883e-06
1.574800e+02 1.133549e-06
1.581030e+02 9.188975e-07
1.587300e+02 7.961665e-07
1.593630e+02 5.893536e-07
1.600000e+02 4.740937e-07
1.606430e+02 4.427830e-07
1.612900e+02 3.234344e-07
1.619430e+02 2.434050e-07
1.626020e+02 2.331222e-07
1.632650e+02 1.811410e-07
1.639340e+02 1.313397e-07
1.646090e+02 1.324712e-07
1.652890e+02 1.181560e-07
1.659750e+02 8.073876e-08
1.666670e+02 7.694146e-08
1.673640e+02 7.568867e-08
1.680670e+02 5.153744e-08
1.687760e+02 4.981195e-08
1.694920e+02 5.728375e-08
1.702130e+02 5.849896e-08
1.709400e+02 6.763422e-08
1.716740e+02 6.646557e-08
1.724140e+02 5.504720e-08
1.731600e+02 4.605665e-08
1.739130e+02 3.937241e-08
1.746720e+02 3.263633e-08
1.754390e+02 2.815867e-08
1.762110e+02 2.316118e-08
1.769910e+02 1.962738e-08
1.777780e+02 1.805110e-08
1.785710e+02 1.692763e-08
1.793720e+02 1.619019e-08
1.801800e+02 1.508234e-08
1.809950e+02 1.234636e-08
1.818180e+02 8.936277e-09
1.826480e+02 6.997914e-09
1.834860e+02 6.699564e-09
1.843320e+02 6.801097e-09
1.851850e+02 6.462443e-09
1.860470e+02 5.487149e-09
1.869160e+02 4.233866e-09
1.877930e+02 3.653713e-09
1.886790e+02 3.654036e-09
1.895730e+02 3.636106e-09
1.904760e+02 3.273327e-09
1.913880e+02 2.659705e-09
1.923080e+02 2.033668e-09
1.932370e+02 1.422992e-09
1.941750e+02 1.049124e-09
1.951220e+02 9.406042e-10
1.960780e+02 9.976272e-10
1.970440e+02 1.267838e-09
1.980200e+02 1.406861e-09
1.990050e+02 1.206382e-09
2.000000e+02 1.005189e-09
2.010050e+02 8.833451e-10
2.020200e+02 8.633979e-10
2.030460e+02 9.834681e-10
2.040820e+02 1.092754e-09
2.051280e+02 1.124979e-09
2.061860e+02 1.167023e-09
2.072540e+02 1.097509e-09
2.083330e+02 8.081613e-10
2.094240e+02 3.732376e-10
2.105260e+02 2.204382e-11
2.116400e+02 2.651961e-11
2.127660e+02 6.338090e-11
2.139040e+02 1.616963e-10
2.150540e+02 1.247026e-10
2.162160e+02 5.569969e-11
2.173910e+02 2.574651e-11
2.185790e+02 2.721272e-11
2.197800e+02 5.086955e-11
2.209940e+02 9.501366e-11
2.222220e+02 1.330320e-10
2.234640e+02 1.275461e-10
2.247190e+02 9.707807e-11
2.259890e+02 8.075979e-11
2.272730e+02 8.502853e-11
2.285710e+02 8.485916e-11
2.298850e+02 7.931591e-11
2.312140e+02 7.673034e-11
2.325580e+02 7.603914e-11
2.339180e+02 7.421239e-11
2.352940e+02 6.693393e-11
2.366860e+02 7.359591e-11
2.380950e+02 1.080455e-10
2.395210e+02 1.497842e-10
2.409640e+02 1.644264e-10
2.424240e+02 1.401864e-10
2.439020e+02 8.353941e-11
2.453990e+02 5.643002e-11
2.469140e+02 7.336898e-11
2.484470e+02 1.046576e-10
2.500000e+02 1.233711e-10
2.515720e+02 9.113534e-11
2.531650e+02 5.732481e-11
2.547770e+02 9.131986e-11
2.564100e+02 2.146437e-10
2.580650e+02 3.823591e-10
2.597400e+02 5.901152e-10
2.614380e+02 8.339711e-10
2.631580e+02 1.019071e-09
2.649010e+02 1.071727e-09
2.666670e+02 9.715230e-10
2.684560e+02 8.049037e-10
2.702700e+02 7.831901e-10
2.721090e+02 9.867445e-10
2.739730e+02 1.187319e-09
2.758620e+02 1.221615e-09
2.777780e+02 1.071376e-09
2.797200e+02 8.326485e-10
2.816900e+02 7.073622e-10
2.836880e+02 8.392440e-10
2.857140e+02 1.061281e-09
2.877700e+02 1.235364e-09
2.898550e+02 1.411565e-09
2.919710e+02 1.445046e-09
2.941180e+02 1.197142e-09
2.962960e+02 8.372477e-10
2.985070e+02 5.446388e-10
3.007520e+02 3.789845e-10
3.030300e+02 3.313760e-10
3.053440e+02 2.835422e-10
3.076920e+02 2.203232e-10
3.100780e+02 1.696058e-10
3.125000e+02 1.517110e-10
3.149610e+02 1.940992e-10
3.174600e+02 3.529090e-10
3.200000e+02 6.019018e-10
3.225810e+02 7.431493e-10
3.252030e+02 7.431689e-10
3.278690e+02 7.835333e-10
3.305790e+02 8.520870e-10
3.333330e+02 9.184527e-10
3.361340e+02 1.018267e-09
3.389830e+02 1.095199e-09
3.418800e+02 1.092905e-09
3.448280e+02 9.576865e-10
3.478260e+02 7.200471e-10
3.508770e+02 4.865539e-10
3.539820e+02 4.261429e-10
3.571430e+02 5.383243e-10
3.603600e+02 6.372684e-10
3.636360e+02 5.710613e-10
3.669720e+02 3.697503e-10
3.703700e+02 1.880609e-10
3.738320e+02 9.807313e-11
3.773580e+02 6.964870e-11
3.809520e+02 5.929315e-11
3.846150e+02 5.492304e-11
3.883500e+02 5.691112e-11
3.921570e+02 7.117922e-11
3.960400e+02 1.064294e-10
4.000000e+02 1.740405e-10
4.040400e+02 2.259797e-10
4.081630e+02 2.191524e-10
4.123710e+02 1.879427e-10
4.166670e+02 1.577190e-10
4.210530e+02 1.106791e-10
4.255320e+02 8.408603e-11
4.301080e+02 8.009512e-11
4.347830e+02 7.066025e-11
4.395600e+02 6.565653e-11
4.444440e+02 5.624355e-11
4.494380e+02 4.208137e-11
4.545450e+02 2.483708e-11
4.597700e+02 1.520805e-11
4.651160e+02 1.281814e-11
4.705880e+02 1.104740e-11
4.761900e+02 1.162171e-11
4.819280e+02 9.097656e-12
4.878050e+02 5.474645e-12
4.938270e+02 1.670000e-12
5.000000e+02 2.174815e-12
