#The rsr is normalised to maximize at 1.#wavelength RSR
2.001000e+01 6.659353e-13
2.002000e+01 6.667817e-13
2.003000e+01 6.978611e-13
2.004010e+01 7.540944e-13
2.005010e+01 8.137885e-13
2.006020e+01 8.643326e-13
2.007020e+01 8.388978e-13
2.008030e+01 7.645599e-13
2.009040e+01 7.379346e-13
2.010050e+01 7.227190e-13
2.011060e+01 6.940722e-13
2.012070e+01 6.656693e-13
2.013080e+01 6.485619e-13
2.014100e+01 6.631930e-13
2.015110e+01 6.457257e-13
2.016130e+01 5.978257e-13
2.017150e+01 5.803103e-13
2.018160e+01 5.779166e-13
2.019180e+01 5.591548e-13
2.020200e+01 5.388079e-13
2.021220e+01 6.418876e-13
2.022240e+01 8.892079e-13
2.023270e+01 1.081838e-12
2.024290e+01 1.184643e-12
2.025320e+01 1.282001e-12
2.026340e+01 1.457526e-12
2.027370e+01 1.555210e-12
2.028400e+01 1.460165e-12
2.029430e+01 1.335727e-12
2.030460e+01 1.269187e-12
2.031490e+01 1.170747e-12
2.032520e+01 1.095593e-12
2.033550e+01 1.059543e-12
2.034590e+01 1.009310e-12
2.035620e+01 9.606416e-13
2.036660e+01 1.038272e-12
2.037700e+01 1.165993e-12
2.038740e+01 1.242259e-12
2.039780e+01 1.172835e-12
2.040820e+01 1.096269e-12
2.041860e+01 1.215617e-12
2.042900e+01 1.435494e-12
2.043940e+01 1.642365e-12
2.044990e+01 1.752713e-12
2.046040e+01 1.790846e-12
2.047080e+01 1.834716e-12
2.048130e+01 1.943657e-12
2.049180e+01 2.019005e-12
2.050230e+01 1.937731e-12
2.051280e+01 1.873411e-12
2.052330e+01 1.852383e-12
2.053390e+01 1.794200e-12
2.054440e+01 1.698238e-12
2.055500e+01 1.564751e-12
2.056560e+01 1.266865e-12
2.057610e+01 9.851653e-13
2.058670e+01 9.047406e-13
2.059730e+01 9.290051e-13
2.060790e+01 9.642566e-13
2.061860e+01 9.747256e-13
2.062920e+01 9.423726e-13
2.063980e+01 8.703704e-13
2.065050e+01 8.586035e-13
2.066120e+01 8.770649e-13
2.067180e+01 8.607257e-13
2.068250e+01 8.972590e-13
2.069320e+01 9.784133e-13
2.070390e+01 1.006359e-12
2.071470e+01 9.808127e-13
2.072540e+01 9.528050e-13
2.073610e+01 9.439526e-13
2.074690e+01 9.718258e-13
2.075770e+01 9.803064e-13
2.076840e+01 8.276406e-13
2.077920e+01 5.752583e-13
2.079000e+01 4.340645e-13
2.080080e+01 4.173428e-13
2.081170e+01 4.784616e-13
2.082250e+01 5.117679e-13
2.083330e+01 5.381465e-13
2.084420e+01 6.544181e-13
2.085510e+01 8.805174e-13
2.086590e+01 1.216018e-12
2.087680e+01 1.632734e-12
2.088770e+01 1.869699e-12
2.089860e+01 1.833044e-12
2.090960e+01 1.860518e-12
2.092050e+01 1.927876e-12
2.093140e+01 1.855105e-12
2.094240e+01 1.756300e-12
2.095340e+01 1.675410e-12
2.096440e+01 1.497652e-12
2.097540e+01 1.122165e-12
2.098640e+01 7.236600e-13
2.099740e+01 8.569904e-13
2.100840e+01 1.217595e-12
2.101940e+01 1.170464e-12
2.103050e+01 7.821157e-13
2.104160e+01 4.216632e-13
2.105260e+01 5.990304e-13
2.106370e+01 1.237889e-12
2.107480e+01 1.940986e-12
2.108590e+01 2.220011e-12
2.109700e+01 2.191432e-12
2.110820e+01 2.268099e-12
2.111930e+01 2.743410e-12
2.113050e+01 3.462358e-12
2.114160e+01 3.995988e-12
2.115280e+01 4.559457e-12
2.116400e+01 5.251370e-12
2.117520e+01 5.598968e-12
2.118640e+01 5.874071e-12
2.119770e+01 6.501681e-12
2.120890e+01 6.699798e-12
2.122020e+01 6.498118e-12
2.123140e+01 6.906547e-12
2.124270e+01 7.366747e-12
2.125400e+01 7.437918e-12
2.126530e+01 7.297300e-12
2.127660e+01 6.840845e-12
2.128790e+01 5.821240e-12
2.129930e+01 5.391206e-12
2.131060e+01 5.510899e-12
2.132200e+01 5.381554e-12
2.133330e+01 5.544356e-12
2.134470e+01 6.314195e-12
2.135610e+01 6.803092e-12
2.136750e+01 6.408589e-12
2.137890e+01 5.342612e-12
2.139040e+01 5.373548e-12
2.140180e+01 6.314256e-12
2.141330e+01 6.440253e-12
2.142470e+01 5.741604e-12
2.143620e+01 4.702042e-12
2.144770e+01 3.625256e-12
2.145920e+01 2.712077e-12
2.147070e+01 2.127975e-12
2.148230e+01 2.114077e-12
2.149380e+01 2.243735e-12
2.150540e+01 1.899810e-12
2.151690e+01 1.636393e-12
2.152850e+01 1.640848e-12
2.154010e+01 1.371109e-12
2.155170e+01 1.116235e-12
2.156330e+01 1.127708e-12
2.157500e+01 1.079380e-12
2.158660e+01 1.031854e-12
2.159830e+01 1.175270e-12
2.160990e+01 1.138831e-12
2.162160e+01 8.889609e-13
2.163330e+01 7.254432e-13
2.164500e+01 6.258311e-13
2.165670e+01 5.330415e-13
2.166850e+01 4.729281e-13
2.168020e+01 4.421873e-13
2.169200e+01 4.175510e-13
2.170370e+01 4.103149e-13
2.171550e+01 4.062987e-13
2.172730e+01 3.429705e-13
2.173910e+01 2.700214e-13
2.175100e+01 2.427844e-13
2.176280e+01 2.098512e-13
2.177460e+01 1.733110e-13
2.178650e+01 1.737603e-13
2.179840e+01 1.858956e-13
2.181030e+01 1.877023e-13
2.182210e+01 1.940289e-13
2.183410e+01 2.266266e-13
2.184600e+01 2.995355e-13
2.185790e+01 3.830268e-13
2.186990e+01 4.467892e-13
2.188180e+01 4.718684e-13
2.189380e+01 4.996787e-13
2.190580e+01 5.366774e-13
2.191780e+01 5.085412e-13
2.192980e+01 4.429600e-13
2.194190e+01 4.104949e-13
2.195390e+01 3.957048e-13
2.196600e+01 3.750175e-13
2.197800e+01 3.418188e-13
2.199010e+01 3.009658e-13
2.200220e+01 2.388216e-13
2.201430e+01 1.252526e-13
2.202640e+01 3.047616e-14
2.203860e+01 1.105058e-14
2.205070e+01 5.840931e-15
2.206290e+01 6.835245e-15
2.207510e+01 4.985525e-14
2.208720e+01 1.189847e-13
2.209940e+01 1.829860e-13
2.211170e+01 2.205852e-13
2.212390e+01 2.510306e-13
2.213610e+01 3.112651e-13
2.214840e+01 4.966662e-13
2.216070e+01 7.414980e-13
2.217290e+01 8.025599e-13
2.218520e+01 7.650928e-13
2.219760e+01 7.485942e-13
2.220990e+01 5.654650e-13
2.222220e+01 4.680481e-13
2.223460e+01 5.878457e-13
2.224690e+01 5.584741e-13
2.225930e+01 4.005270e-13
2.227170e+01 4.655436e-13
2.228410e+01 5.115099e-13
2.229650e+01 3.354963e-13
2.230900e+01 2.413661e-13
2.232140e+01 1.858062e-13
2.233390e+01 7.983527e-14
2.234640e+01 2.241361e-14
2.235890e+01 5.831827e-14
2.237140e+01 9.520681e-14
2.238390e+01 9.332239e-14
2.239640e+01 2.480145e-13
2.240900e+01 9.404960e-13
2.242150e+01 1.519729e-12
2.243410e+01 1.355539e-12
2.244670e+01 1.192893e-12
2.245930e+01 1.330091e-12
2.247190e+01 1.339049e-12
2.248450e+01 1.385793e-12
2.249720e+01 1.592144e-12
2.250980e+01 1.157418e-12
2.252250e+01 6.990950e-13
2.253520e+01 1.102050e-12
2.254790e+01 9.336716e-13
2.256060e+01 1.976969e-13
2.257340e+01 2.079920e-13
2.258610e+01 4.601355e-13
2.259890e+01 6.544113e-13
2.261160e+01 1.309624e-12
2.262440e+01 1.857168e-12
2.263720e+01 1.377934e-12
2.265010e+01 9.489413e-13
2.266290e+01 8.473059e-13
2.267570e+01 4.388166e-13
2.268860e+01 7.729243e-14
2.270150e+01 6.761320e-14
2.272730e+01 5.167057e-14
2.274020e+01 4.675452e-13
2.275310e+01 7.035755e-13
2.276610e+01 6.887355e-13
2.277900e+01 1.033240e-12
2.279200e+01 1.109555e-12
2.280500e+01 6.216422e-13
2.281800e+01 5.179097e-13
2.283110e+01 5.547666e-13
2.284410e+01 1.426814e-13
2.285710e+01 1.400287e-13
2.287020e+01 5.755424e-13
2.288330e+01 5.193032e-13
2.289640e+01 4.177253e-13
2.290950e+01 5.026336e-13
2.292260e+01 2.938690e-13
2.296210e+01 2.387936e-14
2.297530e+01 7.731716e-15
2.300170e+01 3.463695e-14
2.301500e+01 2.592013e-13
2.302820e+01 7.437265e-13
2.304150e+01 1.230703e-12
2.305480e+01 1.186140e-12
2.306810e+01 1.005748e-12
2.308140e+01 8.327467e-13
2.309470e+01 3.992690e-13
2.310800e+01 8.804360e-14
2.312140e+01 3.031136e-14
2.313480e+01 1.385031e-15
2.314810e+01 7.394756e-14
2.316160e+01 4.049134e-13
2.317500e+01 6.908803e-13
2.318840e+01 8.104093e-13
2.320190e+01 9.860449e-13
2.321530e+01 9.400852e-13
2.322880e+01 5.940446e-13
2.324230e+01 4.213810e-13
2.325580e+01 3.593155e-13
2.326930e+01 2.520983e-13
2.328290e+01 2.578274e-13
2.329640e+01 3.338003e-13
2.331000e+01 2.937122e-13
2.332360e+01 2.400462e-13
2.333720e+01 2.317276e-13
2.335080e+01 1.785885e-13
2.336450e+01 1.016058e-13
2.337810e+01 5.433458e-14
2.339180e+01 4.216416e-14
2.340550e+01 6.810326e-14
2.341920e+01 1.301889e-13
2.343290e+01 1.735906e-13
2.344670e+01 1.828982e-13
2.346040e+01 2.417036e-13
2.347420e+01 3.358017e-13
2.348800e+01 3.951497e-13
2.350180e+01 4.089747e-13
2.351560e+01 3.830140e-13
2.352940e+01 3.385408e-13
2.354330e+01 3.321624e-13
2.355710e+01 3.440292e-13
2.357100e+01 3.065613e-13
2.358490e+01 2.410451e-13
2.359880e+01 1.700315e-13
2.361280e+01 1.452804e-13
2.362670e+01 1.747262e-13
2.364070e+01 1.887139e-13
2.365460e+01 1.576804e-13
2.366860e+01 1.009590e-13
2.368270e+01 4.675126e-14
2.369670e+01 2.983734e-14
2.371070e+01 7.266883e-14
2.372480e+01 1.453291e-13
2.373890e+01 2.877583e-13
2.375300e+01 5.711592e-13
2.376710e+01 8.179410e-13
2.378120e+01 8.772657e-13
2.379540e+01 9.946362e-13
2.380950e+01 9.204823e-13
2.382370e+01 3.649921e-13
2.383790e+01 1.872729e-14
2.385210e+01 3.014661e-14
2.386630e+01 3.508623e-14
2.388060e+01 7.165100e-14
2.389490e+01 1.657492e-13
2.390910e+01 1.907043e-13
2.392340e+01 2.478792e-13
2.393780e+01 4.474075e-13
2.395210e+01 5.210191e-13
2.396640e+01 4.329918e-13
2.398080e+01 5.169107e-13
2.399520e+01 5.198308e-13
2.400960e+01 2.651606e-13
2.402400e+01 2.379080e-13
2.403850e+01 2.905534e-13
2.405290e+01 1.029918e-13
2.406740e+01 1.224586e-13
2.408190e+01 3.077101e-13
2.409640e+01 2.814648e-13
2.411090e+01 3.235738e-13
2.412550e+01 5.438385e-13
2.414000e+01 5.245207e-13
2.415460e+01 4.246004e-13
2.416920e+01 5.879185e-13
2.418380e+01 6.544350e-13
2.419840e+01 5.484737e-13
2.421310e+01 6.435086e-13
2.422770e+01 6.369650e-13
2.424240e+01 4.104020e-13
2.425710e+01 4.762923e-13
2.427180e+01 6.187344e-13
2.428660e+01 4.376462e-13
2.430130e+01 4.082279e-13
2.431610e+01 5.061172e-13
2.433090e+01 1.967988e-13
2.434570e+01 2.456787e-14
2.436050e+01 2.195143e-13
2.437540e+01 1.354539e-13
2.439020e+01 5.290024e-14
2.440510e+01 3.088692e-13
2.442000e+01 3.847924e-13
2.443490e+01 2.962923e-13
2.444990e+01 4.888503e-13
2.446480e+01 6.009230e-13
2.447980e+01 4.035932e-13
2.449480e+01 5.548920e-13
2.450980e+01 7.958533e-13
2.452480e+01 6.720651e-13
2.453990e+01 8.094963e-13
2.455490e+01 1.071026e-12
2.457000e+01 8.226823e-13
2.458510e+01 6.548658e-13
2.460020e+01 7.997629e-13
2.461540e+01 6.980298e-13
2.463050e+01 6.481491e-13
2.464570e+01 1.091955e-12
2.466090e+01 1.270136e-12
2.467610e+01 1.164335e-12
2.469140e+01 1.450575e-12
2.470660e+01 1.630938e-12
2.472190e+01 1.626608e-12
2.473720e+01 2.295984e-12
2.475250e+01 3.080585e-12
2.476780e+01 3.188653e-12
2.478310e+01 3.426007e-12
2.479850e+01 3.525253e-12
2.481390e+01 2.902360e-12
2.482930e+01 2.603096e-12
2.484470e+01 2.616299e-12
2.486020e+01 2.216629e-12
2.487560e+01 2.022610e-12
2.489110e+01 2.174081e-12
2.490660e+01 2.026193e-12
2.492210e+01 1.900642e-12
2.493770e+01 1.931376e-12
2.495320e+01 1.533445e-12
2.496880e+01 1.100145e-12
2.498440e+01 9.253158e-13
2.500000e+01 7.715391e-13
2.501560e+01 7.022263e-13
2.503130e+01 9.251185e-13
2.504700e+01 1.123000e-12
2.506270e+01 1.157989e-12
2.507840e+01 1.289812e-12
2.509410e+01 1.301647e-12
2.510990e+01 1.249831e-12
2.512560e+01 1.450629e-12
2.514140e+01 1.600155e-12
2.515720e+01 1.455643e-12
2.517310e+01 1.511269e-12
2.518890e+01 1.595419e-12
2.520480e+01 1.443735e-12
2.522070e+01 1.510576e-12
2.523660e+01 1.661791e-12
2.525250e+01 1.367885e-12
2.526850e+01 1.180404e-12
2.528450e+01 1.276581e-12
2.530040e+01 1.351024e-12
2.531650e+01 1.921454e-12
2.533250e+01 3.410661e-12
2.534850e+01 4.946202e-12
2.536460e+01 6.393509e-12
2.538070e+01 7.897666e-12
2.539680e+01 8.001750e-12
2.541300e+01 7.989249e-12
2.542910e+01 8.580472e-12
2.544530e+01 7.462827e-12
2.546150e+01 5.773975e-12
2.547770e+01 5.866075e-12
2.549390e+01 6.249054e-12
2.551020e+01 6.743969e-12
2.552650e+01 9.283830e-12
2.554280e+01 1.130566e-11
2.555910e+01 1.095550e-11
2.557540e+01 1.197196e-11
2.559180e+01 1.299720e-11
2.560820e+01 1.141030e-11
2.562460e+01 1.057939e-11
2.564100e+01 1.068574e-11
2.565750e+01 9.179044e-12
2.567390e+01 8.976915e-12
2.569040e+01 1.062479e-11
2.570690e+01 1.105139e-11
2.572350e+01 1.117454e-11
2.574000e+01 1.251170e-11
2.575660e+01 1.131260e-11
2.577320e+01 9.722120e-12
2.578980e+01 1.039495e-11
2.580650e+01 1.009462e-11
2.582310e+01 9.185588e-12
2.583980e+01 1.091234e-11
2.585650e+01 1.214860e-11
2.587320e+01 1.065403e-11
2.589000e+01 1.080090e-11
2.590670e+01 1.119142e-11
2.592350e+01 9.110730e-12
2.594030e+01 7.878831e-12
2.595720e+01 7.611350e-12
2.597400e+01 6.230931e-12
2.599090e+01 5.562234e-12
2.600780e+01 5.687033e-12
2.602470e+01 4.896129e-12
2.604170e+01 4.787557e-12
2.605860e+01 5.747144e-12
2.607560e+01 5.406306e-12
2.609260e+01 4.734217e-12
2.610970e+01 5.167519e-12
2.612670e+01 5.015622e-12
2.614380e+01 4.608666e-12
2.616090e+01 5.735608e-12
2.617800e+01 6.889124e-12
2.619520e+01 6.282652e-12
2.621230e+01 5.830818e-12
2.622950e+01 5.461643e-12
2.624670e+01 4.480439e-12
2.626400e+01 4.141145e-12
2.628120e+01 4.136809e-12
2.629850e+01 3.679941e-12
2.631580e+01 3.752355e-12
2.633310e+01 4.498800e-12
2.635050e+01 4.841164e-12
2.636780e+01 5.375732e-12
2.638520e+01 6.349176e-12
2.640260e+01 6.290297e-12
2.642010e+01 5.871287e-12
2.643750e+01 6.272059e-12
2.645500e+01 6.614625e-12
2.647250e+01 6.858449e-12
2.649010e+01 7.477886e-12
2.650760e+01 6.918656e-12
2.652520e+01 5.516090e-12
2.654280e+01 4.868575e-12
2.656040e+01 4.537123e-12
2.657810e+01 4.351931e-12
2.659570e+01 5.065511e-12
2.661340e+01 5.876899e-12
2.663120e+01 5.930700e-12
2.664890e+01 6.228764e-12
2.666670e+01 6.622828e-12
2.668450e+01 6.729913e-12
2.670230e+01 7.076410e-12
2.672010e+01 6.991922e-12
2.673800e+01 6.091505e-12
2.675590e+01 5.593302e-12
2.677380e+01 5.518832e-12
2.679170e+01 5.446278e-12
2.680970e+01 5.851456e-12
2.682760e+01 6.041577e-12
2.684560e+01 5.077171e-12
2.686370e+01 4.426902e-12
2.688170e+01 4.376966e-12
2.689980e+01 4.019510e-12
2.691790e+01 4.117252e-12
2.693600e+01 4.626261e-12
2.695420e+01 3.865302e-12
2.697240e+01 2.946658e-12
2.699060e+01 2.985608e-12
2.700880e+01 2.711585e-12
2.702700e+01 2.766533e-12
2.704530e+01 4.349796e-12
2.706360e+01 5.655355e-12
2.708190e+01 5.961555e-12
2.710030e+01 6.993473e-12
2.711860e+01 7.989254e-12
2.713700e+01 8.369867e-12
2.715550e+01 1.074550e-11
2.717390e+01 1.377862e-11
2.719240e+01 1.428667e-11
2.721090e+01 1.567607e-11
2.722940e+01 1.884806e-11
2.724800e+01 2.070902e-11
2.726650e+01 2.320516e-11
2.728510e+01 2.708067e-11
2.730380e+01 2.707302e-11
2.732240e+01 2.493195e-11
2.734110e+01 2.628565e-11
2.735980e+01 2.779874e-11
2.737850e+01 2.963806e-11
2.739730e+01 3.621458e-11
2.741600e+01 4.191587e-11
2.743480e+01 4.212329e-11
2.745370e+01 4.482914e-11
2.747250e+01 5.016111e-11
2.749140e+01 5.278705e-11
2.751030e+01 5.799339e-11
2.752920e+01 6.410703e-11
2.754820e+01 6.443305e-11
2.756720e+01 6.784651e-11
2.758620e+01 8.018456e-11
2.760520e+01 9.089152e-11
2.762430e+01 1.006186e-10
2.764340e+01 1.131325e-10
2.766250e+01 1.171997e-10
2.768170e+01 1.161744e-10
2.770080e+01 1.267162e-10
2.772000e+01 1.390286e-10
2.773930e+01 1.429166e-10
2.775850e+01 1.533236e-10
2.777780e+01 1.657212e-10
2.779710e+01 1.667834e-10
2.781640e+01 1.743459e-10
2.783580e+01 1.912013e-10
2.785520e+01 1.947204e-10
2.787460e+01 1.964665e-10
2.789400e+01 2.039653e-10
2.791350e+01 1.935952e-10
2.793300e+01 1.753895e-10
2.795250e+01 1.777829e-10
2.797200e+01 1.877509e-10
2.799160e+01 2.003036e-10
2.801120e+01 2.303469e-10
2.803080e+01 2.621625e-10
2.805050e+01 2.773699e-10
2.807020e+01 2.937765e-10
2.808990e+01 3.139136e-10
2.810960e+01 3.200376e-10
2.812940e+01 3.226273e-10
2.814920e+01 3.286234e-10
2.816900e+01 3.379917e-10
2.818890e+01 3.801499e-10
2.820870e+01 4.663346e-10
2.822870e+01 5.295096e-10
2.824860e+01 5.650970e-10
2.826860e+01 6.132930e-10
2.828850e+01 6.200808e-10
2.830860e+01 5.854652e-10
2.832860e+01 5.622175e-10
2.834870e+01 4.792355e-10
2.836880e+01 2.951185e-10
2.838890e+01 1.060514e-10
2.840910e+01 3.450550e-12
2.842930e+01 5.394497e-11
2.844950e+01 2.792253e-10
2.846980e+01 6.167502e-10
2.849000e+01 9.053937e-10
2.851030e+01 1.141303e-09
2.853070e+01 1.348386e-09
2.855100e+01 1.427175e-09
2.857140e+01 1.527371e-09
2.859190e+01 1.786000e-09
2.861230e+01 1.790297e-09
2.863280e+01 1.689687e-09
2.865330e+01 1.943855e-09
2.867380e+01 2.114747e-09
2.869440e+01 1.969095e-09
2.871500e+01 1.957231e-09
2.873560e+01 1.861027e-09
2.875630e+01 1.555988e-09
2.877700e+01 1.655404e-09
2.879770e+01 2.131763e-09
2.881840e+01 2.266015e-09
2.883920e+01 1.963406e-09
2.886000e+01 1.554925e-09
2.888090e+01 1.143461e-09
2.890170e+01 8.892736e-10
2.892260e+01 7.894891e-10
2.894360e+01 5.203127e-10
2.896450e+01 1.537522e-10
2.898550e+01 4.386181e-12
2.900650e+01 1.465837e-10
2.902760e+01 5.495627e-10
2.904870e+01 9.072984e-10
2.906980e+01 1.071730e-09
2.909090e+01 1.112908e-09
2.911210e+01 1.045696e-09
2.913330e+01 1.010029e-09
2.915450e+01 1.160528e-09
2.917580e+01 1.246621e-09
2.919710e+01 1.182476e-09
2.921840e+01 1.215504e-09
2.923980e+01 1.242728e-09
2.926120e+01 1.170048e-09
2.928260e+01 1.206864e-09
2.930400e+01 1.265862e-09
2.932550e+01 1.109843e-09
2.934700e+01 9.299299e-10
2.936860e+01 8.679202e-10
2.939020e+01 8.342843e-10
2.941180e+01 8.362773e-10
2.943340e+01 8.750609e-10
2.945510e+01 8.004792e-10
2.947680e+01 6.962434e-10
2.949850e+01 6.619860e-10
2.952030e+01 6.226662e-10
2.954210e+01 5.552325e-10
2.956390e+01 5.287551e-10
2.958580e+01 5.022514e-10
2.960770e+01 4.304458e-10
2.962960e+01 4.016724e-10
2.965160e+01 4.168677e-10
2.967360e+01 4.080732e-10
2.969560e+01 4.027889e-10
2.971770e+01 4.019683e-10
2.973980e+01 3.694074e-10
2.976190e+01 3.431333e-10
2.978410e+01 3.553266e-10
2.980630e+01 3.670910e-10
2.982850e+01 3.579935e-10
2.985070e+01 3.445658e-10
2.987300e+01 3.393637e-10
2.989540e+01 3.312747e-10
2.991770e+01 3.247668e-10
2.994010e+01 3.190095e-10
2.996250e+01 3.161239e-10
2.998500e+01 3.118672e-10
3.000750e+01 2.947423e-10
3.003000e+01 2.685020e-10
3.005260e+01 2.465536e-10
3.007520e+01 2.347206e-10
3.009780e+01 2.306672e-10
3.012050e+01 2.348762e-10
3.014320e+01 2.412167e-10
3.016590e+01 2.421612e-10
3.018870e+01 2.389374e-10
3.021150e+01 2.343080e-10
3.023430e+01 2.317082e-10
3.025720e+01 2.280177e-10
3.028010e+01 2.120324e-10
3.030300e+01 2.016018e-10
3.032600e+01 2.067016e-10
3.034900e+01 2.173078e-10
3.037210e+01 2.392629e-10
3.039510e+01 2.817140e-10
3.041830e+01 3.074404e-10
3.044140e+01 3.022812e-10
3.046460e+01 2.971472e-10
3.048780e+01 3.082049e-10
3.051110e+01 3.339302e-10
3.053440e+01 3.611820e-10
3.055770e+01 3.619624e-10
3.058100e+01 3.232739e-10
3.060440e+01 2.902019e-10
3.062790e+01 2.767075e-10
3.065130e+01 2.547096e-10
3.067480e+01 2.482588e-10
3.069840e+01 2.738464e-10
3.072200e+01 2.842764e-10
3.074560e+01 2.782098e-10
3.076920e+01 2.762894e-10
3.079290e+01 2.431195e-10
3.081660e+01 1.839159e-10
3.084040e+01 1.416180e-10
3.086420e+01 1.146571e-10
3.088800e+01 9.216431e-11
3.091190e+01 7.559566e-11
3.093580e+01 5.985088e-11
3.095980e+01 4.414466e-11
3.098370e+01 3.409966e-11
3.100780e+01 2.815558e-11
3.103180e+01 2.046293e-11
3.105590e+01 1.360218e-11
3.108000e+01 1.106022e-11
3.110420e+01 1.067538e-11
3.112840e+01 9.158073e-12
3.115260e+01 8.233166e-12
3.117690e+01 7.476198e-12
3.120120e+01 6.012122e-12
3.122560e+01 4.701787e-12
3.125000e+01 4.352633e-12
3.127440e+01 3.865200e-12
3.129890e+01 2.798956e-12
3.132340e+01 1.710752e-12
3.134800e+01 1.535244e-12
3.137250e+01 1.687366e-12
3.139720e+01 1.642369e-12
3.142180e+01 7.406360e-13
3.144650e+01 1.514116e-13
3.147130e+01 2.574021e-13
3.149610e+01 3.836700e-13
3.152090e+01 1.973947e-12
3.154570e+01 7.999594e-12
3.157060e+01 1.025587e-11
3.159560e+01 2.246284e-11
3.162060e+01 3.526687e-11
3.164560e+01 2.686653e-11
3.167060e+01 5.975732e-12
3.179650e+01 5.893739e-15
3.182180e+01 4.450632e-13
3.184710e+01 2.884580e-12
3.187250e+01 3.425454e-12
3.189790e+01 1.046565e-12
3.192340e+01 3.057969e-13
3.194890e+01 9.355382e-13
3.197440e+01 1.969672e-12
3.200000e+01 2.455767e-12
3.202560e+01 2.115477e-12
3.205130e+01 1.395038e-12
3.207700e+01 9.807781e-13
3.210270e+01 2.037407e-12
3.212850e+01 4.256487e-12
3.215430e+01 4.408077e-12
3.218020e+01 3.570287e-12
3.220610e+01 3.299250e-12
3.223210e+01 3.726632e-12
3.225810e+01 4.354363e-12
3.228410e+01 4.790710e-12
3.231020e+01 4.921522e-12
3.233630e+01 4.386314e-12
3.236250e+01 3.246481e-12
3.238870e+01 2.338107e-12
3.241490e+01 1.737652e-12
3.244120e+01 1.370902e-12
3.246750e+01 1.309943e-12
3.249390e+01 1.558315e-12
3.252030e+01 1.793339e-12
3.254680e+01 1.015313e-12
3.257330e+01 6.023543e-16
3.259980e+01 1.707890e-13
3.262640e+01 8.687014e-13
3.265310e+01 1.639150e-12
3.267970e+01 2.290402e-12
3.270650e+01 2.158312e-12
3.273320e+01 1.591823e-12
3.276000e+01 1.845592e-12
3.278690e+01 1.837711e-12
3.281380e+01 1.166404e-12
3.284070e+01 8.856127e-13
3.286770e+01 1.344261e-12
3.289470e+01 1.718103e-12
3.292180e+01 1.613955e-12
3.294890e+01 1.091123e-12
3.297610e+01 9.172073e-13
3.300330e+01 6.664339e-13
3.303060e+01 2.382054e-13
3.305780e+01 7.829018e-15
3.308520e+01 2.969929e-13
3.311260e+01 1.050895e-12
3.314000e+01 6.814527e-13
3.322260e+01 8.717145e-14
3.325020e+01 3.905116e-13
3.327790e+01 9.736756e-13
3.330560e+01 1.451701e-12
3.333330e+01 1.318653e-12
3.336110e+01 9.703254e-13
3.338900e+01 5.464423e-13
3.341690e+01 3.331564e-13
3.344480e+01 5.872635e-13
3.347280e+01 1.310674e-12
3.350080e+01 1.900375e-12
3.352890e+01 2.248754e-12
3.355700e+01 1.878097e-12
3.358520e+01 6.761576e-13
3.361340e+01 3.631089e-13
3.364170e+01 4.174065e-13
3.367000e+01 2.709637e-13
3.369840e+01 9.356447e-14
3.372680e+01 2.446171e-14
3.375530e+01 1.841989e-13
3.378380e+01 6.583896e-13
3.381230e+01 1.563191e-12
3.384090e+01 2.119457e-12
3.386960e+01 1.090252e-12
3.389830e+01 3.323952e-13
3.392710e+01 7.195989e-14
3.395590e+01 1.017893e-13
3.398470e+01 5.795945e-13
3.401360e+01 1.459769e-12
3.404260e+01 1.344677e-12
3.407150e+01 6.002106e-13
3.410060e+01 1.860878e-13
3.412970e+01 1.154537e-13
3.415880e+01 3.630659e-13
3.418800e+01 5.559563e-13
3.421730e+01 3.885144e-13
3.424660e+01 9.876292e-14
3.427590e+01 3.059489e-14
3.430530e+01 1.623852e-13
3.433480e+01 2.430976e-13
3.436430e+01 1.386304e-13
3.439380e+01 6.732686e-14
3.442340e+01 1.162742e-13
3.445310e+01 3.114988e-13
3.448280e+01 5.639881e-13
3.451250e+01 5.981129e-13
3.454230e+01 5.807180e-13
3.457220e+01 4.677386e-13
3.460210e+01 2.524156e-13
3.463200e+01 1.154200e-13
3.466200e+01 6.076610e-14
3.469210e+01 5.148411e-14
3.472220e+01 6.263621e-14
3.475240e+01 7.716275e-14
3.478260e+01 7.664925e-14
3.481290e+01 5.475978e-14
3.484320e+01 2.322927e-13
3.487360e+01 5.510176e-13
3.490400e+01 5.540552e-13
3.493450e+01 2.376339e-13
3.511850e+01 1.924697e-13
3.514940e+01 6.908026e-13
3.518030e+01 1.317798e-12
3.521130e+01 1.695866e-12
3.524230e+01 1.683564e-12
3.527340e+01 1.485037e-12
3.530450e+01 1.085645e-12
3.533570e+01 5.891006e-13
3.536690e+01 2.385852e-13
3.539820e+01 7.679352e-14
3.542960e+01 1.302970e-13
3.546100e+01 2.714780e-13
3.549250e+01 2.370549e-13
3.552400e+01 1.277992e-13
3.555560e+01 9.145765e-14
3.558720e+01 1.653178e-13
3.561890e+01 2.725426e-13
3.565060e+01 1.647137e-13
3.568240e+01 9.485813e-14
3.571430e+01 8.812541e-14
3.574620e+01 2.651577e-14
3.577820e+01 5.008152e-14
3.581020e+01 1.413675e-13
3.584230e+01 2.035004e-13
3.587440e+01 2.197822e-13
3.590660e+01 1.990356e-13
3.593890e+01 7.181662e-14
3.597120e+01 1.552600e-14
3.600360e+01 4.041860e-14
3.603600e+01 4.087598e-14
3.606850e+01 3.320284e-14
3.610110e+01 5.984196e-14
3.613370e+01 6.231034e-14
3.616640e+01 1.607551e-14
3.619910e+01 1.304039e-14
3.623190e+01 4.130930e-14
3.626470e+01 6.359623e-14
3.629760e+01 5.872578e-14
3.633060e+01 1.653498e-14
3.639670e+01 3.106090e-14
3.642990e+01 1.022995e-13
3.646310e+01 1.433764e-13
3.649630e+01 1.430554e-13
3.652970e+01 1.306379e-13
3.656310e+01 8.482644e-14
3.659650e+01 3.483678e-14
3.663000e+01 2.236188e-14
3.666360e+01 5.672447e-14
3.669720e+01 7.386813e-14
3.673090e+01 1.549698e-13
3.676470e+01 3.272309e-13
3.679850e+01 3.897455e-13
3.683240e+01 3.745587e-13
3.686640e+01 3.021763e-13
3.690040e+01 1.951958e-13
3.693440e+01 1.498546e-13
3.696860e+01 1.652980e-13
3.700280e+01 1.387982e-13
3.703700e+01 8.348199e-14
3.707140e+01 5.780563e-14
3.710580e+01 6.362070e-14
3.714020e+01 7.633807e-14
3.717470e+01 8.121347e-14
3.720930e+01 7.154657e-14
3.724390e+01 5.693454e-14
3.727870e+01 5.387525e-14
3.731340e+01 4.225969e-14
3.734830e+01 2.083621e-14
3.738320e+01 5.902961e-15
3.741810e+01 1.689312e-15
3.745320e+01 8.488725e-15
3.748830e+01 2.710802e-14
3.752350e+01 4.672870e-14
3.755870e+01 5.859611e-14
3.759400e+01 6.960412e-14
3.762940e+01 6.855729e-14
3.766480e+01 5.797310e-14
3.770030e+01 4.553244e-14
3.773580e+01 4.490105e-14
3.777150e+01 7.073060e-14
3.780720e+01 1.062082e-13
3.784300e+01 9.930192e-14
3.787880e+01 7.634717e-14
3.791470e+01 1.454958e-13
3.795070e+01 2.009590e-13
3.798670e+01 1.797645e-13
3.802280e+01 1.424779e-13
3.805900e+01 7.999626e-14
3.809520e+01 3.033783e-14
3.813160e+01 3.644877e-14
3.816790e+01 4.784510e-14
3.820440e+01 6.305101e-15
3.824090e+01 1.907252e-14
3.827750e+01 1.407006e-13
3.831420e+01 2.517750e-13
3.835090e+01 2.931347e-13
3.838770e+01 3.596453e-13
3.842460e+01 3.357457e-13
3.846150e+01 2.633703e-13
3.849860e+01 2.479392e-13
3.853560e+01 2.683047e-13
3.857280e+01 2.574657e-13
3.861000e+01 2.290942e-13
3.864730e+01 1.781153e-13
3.868470e+01 1.404131e-13
3.872220e+01 1.104457e-13
3.875970e+01 6.081947e-14
3.879730e+01 1.192849e-14
3.887270e+01 3.436854e-14
3.891050e+01 1.019987e-13
3.894840e+01 1.005129e-13
3.898640e+01 6.344428e-14
3.902440e+01 5.238575e-14
3.906250e+01 8.627077e-14
3.910070e+01 8.817996e-14
3.913890e+01 3.373102e-14
3.917730e+01 2.187080e-14
3.921570e+01 7.778322e-14
3.925420e+01 8.178164e-14
3.929270e+01 4.487898e-14
3.933140e+01 2.113644e-14
3.937010e+01 1.536002e-15
3.944770e+01 1.356356e-14
3.948670e+01 5.358073e-14
3.952570e+01 6.740301e-14
3.956480e+01 5.727487e-14
3.960400e+01 5.331024e-14
3.964320e+01 3.613007e-14
3.968250e+01 3.410950e-14
3.972190e+01 4.867569e-14
3.976140e+01 3.423169e-14
3.980100e+01 1.083446e-14
3.984060e+01 7.280208e-15
3.988040e+01 1.171871e-14
3.992020e+01 3.416547e-15
3.996000e+01 2.855725e-15
4.000000e+01 1.284334e-14
4.004000e+01 1.776702e-14
4.008020e+01 1.874948e-14
4.012040e+01 2.202868e-14
4.016060e+01 1.041594e-14
4.020100e+01 5.447019e-15
4.024140e+01 1.890747e-14
4.028200e+01 3.592571e-14
4.032260e+01 4.085691e-14
4.036330e+01 1.730523e-14
4.040400e+01 3.935514e-15
4.044490e+01 4.204662e-14
4.048580e+01 9.101704e-14
4.052680e+01 8.799528e-14
4.056800e+01 6.156181e-14
4.060910e+01 4.078725e-14
4.065040e+01 4.092826e-14
4.069180e+01 5.437886e-14
4.073320e+01 6.849099e-14
4.077470e+01 6.482504e-14
4.081630e+01 5.951131e-14
4.085800e+01 6.262868e-14
4.089980e+01 6.592051e-14
4.094170e+01 4.219196e-14
4.098360e+01 2.777510e-15
4.106780e+01 5.857446e-15
4.111000e+01 4.194882e-14
4.115230e+01 6.576120e-14
4.119460e+01 6.515679e-14
4.123710e+01 9.815173e-14
4.127970e+01 1.146085e-13
4.132230e+01 7.847898e-14
4.136500e+01 5.212903e-14
4.140790e+01 2.818358e-14
4.145080e+01 2.024703e-14
4.149380e+01 3.308004e-14
4.153690e+01 5.337954e-14
4.158000e+01 5.745332e-14
4.162330e+01 7.166824e-14
4.166670e+01 1.011454e-13
4.171010e+01 9.074015e-14
4.175370e+01 6.163935e-14
4.179730e+01 2.207890e-14
4.184100e+01 2.246670e-14
4.188480e+01 5.015621e-14
4.192870e+01 6.742303e-14
4.197270e+01 2.777817e-14
4.201680e+01 1.136043e-14
4.206100e+01 2.577872e-14
4.210530e+01 6.060550e-14
4.214960e+01 8.883720e-14
4.219410e+01 1.560163e-13
4.223860e+01 2.378385e-13
4.228330e+01 1.556329e-13
4.232800e+01 7.939571e-14
4.237290e+01 5.805969e-14
4.241780e+01 6.529180e-14
4.246280e+01 9.339453e-14
4.250800e+01 1.449861e-13
4.255320e+01 1.146374e-13
4.259850e+01 6.652273e-14
4.264390e+01 5.727421e-14
4.268940e+01 5.731199e-14
4.273500e+01 5.982226e-14
4.278080e+01 6.788964e-14
4.282660e+01 3.330835e-14
4.287250e+01 8.630359e-15
4.291850e+01 4.131572e-14
4.296460e+01 7.710216e-14
4.301080e+01 4.148245e-14
4.305700e+01 2.091766e-14
4.310340e+01 7.213523e-15
4.314990e+01 7.829887e-15
4.319650e+01 3.712143e-14
4.324320e+01 1.120875e-13
4.329000e+01 1.540866e-13
4.333690e+01 2.037004e-13
4.338390e+01 2.638227e-13
4.343110e+01 1.910107e-13
4.347830e+01 8.536781e-14
4.352560e+01 3.334020e-14
4.357300e+01 1.376625e-14
4.362050e+01 1.405402e-14
4.366810e+01 2.960597e-14
4.371580e+01 3.953759e-14
4.376370e+01 3.171571e-14
4.381160e+01 4.785887e-14
4.385960e+01 9.406388e-14
4.390780e+01 9.842128e-14
4.395600e+01 9.919886e-14
4.400440e+01 8.841488e-14
4.405290e+01 3.889212e-14
4.410140e+01 1.009197e-14
4.415010e+01 1.372625e-14
4.419890e+01 1.362693e-14
4.424780e+01 3.552858e-15
4.434590e+01 6.649636e-15
4.439510e+01 3.069916e-14
4.444440e+01 8.144700e-14
4.449390e+01 1.120565e-13
4.454340e+01 1.186603e-13
4.459310e+01 1.299667e-13
4.464290e+01 1.153010e-13
4.469270e+01 7.352138e-14
4.474270e+01 4.281114e-14
4.479280e+01 3.390425e-14
4.484300e+01 2.182550e-14
4.489340e+01 5.055476e-14
4.494380e+01 8.555502e-14
4.499440e+01 7.882411e-14
4.504500e+01 7.715208e-14
4.509580e+01 9.551777e-14
4.514670e+01 9.319055e-14
4.519770e+01 1.508193e-13
4.524890e+01 2.985690e-13
4.530010e+01 3.058570e-13
4.535150e+01 2.536010e-13
4.540300e+01 2.528355e-13
4.545450e+01 2.228575e-13
4.550630e+01 2.264115e-13
4.555810e+01 3.569827e-13
4.561000e+01 4.863618e-13
4.566210e+01 4.658780e-13
4.571430e+01 4.615792e-13
4.576660e+01 4.840807e-13
4.581900e+01 5.876224e-13
4.587160e+01 8.869564e-13
4.592420e+01 1.014099e-12
4.597700e+01 8.617379e-13
4.602990e+01 8.462212e-13
4.608300e+01 9.870702e-13
4.613610e+01 1.196992e-12
4.618940e+01 1.595792e-12
4.624280e+01 1.541464e-12
4.629630e+01 1.054864e-12
4.634990e+01 9.108044e-13
4.640370e+01 1.146876e-12
4.645760e+01 1.230547e-12
4.651160e+01 1.380472e-12
4.656580e+01 1.387713e-12
4.662000e+01 1.011654e-12
4.667440e+01 8.945444e-13
4.672900e+01 6.261247e-13
4.678360e+01 2.061411e-13
4.683840e+01 1.255057e-13
4.689330e+01 1.875540e-13
4.694840e+01 1.335232e-13
4.700350e+01 1.403088e-13
4.705880e+01 2.425814e-13
4.711430e+01 1.509893e-13
4.716980e+01 1.672151e-13
4.722550e+01 3.635544e-13
4.728130e+01 3.157957e-13
4.733730e+01 2.304140e-13
4.739340e+01 3.155779e-13
4.744960e+01 2.336528e-13
4.750590e+01 1.240190e-13
4.756240e+01 9.675365e-14
4.761900e+01 6.798851e-14
4.767580e+01 3.707771e-14
4.773270e+01 4.227079e-14
4.778970e+01 6.000584e-14
4.784690e+01 7.385360e-14
4.790420e+01 1.101480e-13
4.796160e+01 1.477140e-13
4.801920e+01 1.666179e-13
4.807690e+01 9.349818e-14
4.813480e+01 6.405122e-14
4.819280e+01 1.495577e-13
4.825090e+01 1.213338e-13
4.830920e+01 3.070676e-13
4.836760e+01 5.543958e-13
4.842620e+01 2.292722e-13
4.848480e+01 1.591035e-13
4.854370e+01 4.742181e-14
4.860270e+01 4.033166e-14
4.866180e+01 2.612494e-13
4.872110e+01 3.634093e-13
4.878050e+01 4.478225e-13
4.884000e+01 9.365691e-13
4.889980e+01 1.206797e-12
4.895960e+01 1.431239e-12
4.901960e+01 2.405105e-12
4.907980e+01 2.307487e-12
4.914000e+01 1.711175e-12
4.920050e+01 2.043990e-12
4.926110e+01 1.831822e-13
4.932180e+01 7.087881e-14
4.938270e+01 8.203192e-14
4.944380e+01 9.516357e-14
4.950500e+01 5.940657e-14
4.956630e+01 3.830071e-14
4.962780e+01 5.981677e-14
4.968940e+01 1.179186e-13
4.975120e+01 1.743914e-12
4.981320e+01 2.183921e-12
4.987530e+01 2.061305e-12
4.993760e+01 2.997760e-12
5.000000e+01 2.653903e-12
5.006260e+01 2.776732e-12
5.012530e+01 5.178034e-12
5.018820e+01 8.116162e-12
5.025130e+01 6.508088e-12
5.031450e+01 5.287453e-12
5.037780e+01 7.214361e-12
5.044140e+01 2.641881e-12
5.050510e+01 1.007866e-12
5.056890e+01 1.251568e-12
5.063290e+01 1.563503e-12
5.069710e+01 1.355862e-12
5.076140e+01 1.458260e-12
5.082590e+01 1.884814e-12
5.089060e+01 3.332091e-13
5.095540e+01 2.306589e-11
5.102040e+01 4.671441e-11
5.108560e+01 4.194065e-11
5.115090e+01 6.232356e-11
5.121640e+01 8.444527e-11
5.128210e+01 5.059473e-11
5.134790e+01 5.057648e-11
5.141390e+01 8.067564e-11
5.148010e+01 5.070480e-11
5.154640e+01 4.372894e-11
5.161290e+01 9.048640e-11
5.167960e+01 6.325307e-11
5.174640e+01 3.293990e-11
5.181350e+01 5.260581e-11
5.188070e+01 2.832528e-11
5.194810e+01 2.286620e-12
5.201560e+01 2.543850e-12
5.208330e+01 2.777395e-12
5.215120e+01 1.934055e-12
5.221930e+01 1.770722e-12
5.228760e+01 1.874877e-12
5.235600e+01 1.370899e-12
5.249340e+01 2.466909e-11
5.256240e+01 1.306999e-11
5.263160e+01 2.886061e-11
5.270090e+01 9.217293e-11
5.277040e+01 6.422594e-11
5.284020e+01 4.205674e-11
5.291010e+01 9.048268e-11
5.298010e+01 6.150894e-11
5.305040e+01 2.356198e-11
5.312080e+01 5.819424e-11
5.319150e+01 5.373856e-11
5.326230e+01 2.151406e-13
5.333330e+01 2.615501e-12
5.340450e+01 2.009366e-11
5.347590e+01 4.888741e-12
5.354750e+01 2.973471e-12
5.361930e+01 1.599919e-11
5.369130e+01 8.192997e-12
5.376340e+01 4.945698e-12
5.383580e+01 3.042049e-11
5.390840e+01 8.241641e-12
5.398110e+01 1.206402e-11
5.405410e+01 9.959690e-11
5.412720e+01 9.308328e-11
5.420050e+01 9.717366e-11
5.427410e+01 2.027710e-10
5.434780e+01 2.118415e-10
5.442180e+01 9.214179e-11
5.449590e+01 4.333354e-11
5.457030e+01 3.132617e-11
5.464480e+01 1.278025e-10
5.471960e+01 2.666599e-11
5.479449e+01 1.453423e-11
5.486970e+01 1.133505e-09
5.494510e+01 1.942984e-09
5.502060e+01 3.610738e-09
5.509640e+01 9.232481e-09
5.517240e+01 1.192265e-08
5.524860e+01 1.312251e-08
5.532500e+01 1.971171e-08
5.540169e+01 1.966005e-08
5.547850e+01 1.461123e-08
5.555559e+01 2.667751e-08
5.563280e+01 3.739509e-08
5.571030e+01 3.533480e-08
5.578800e+01 4.882971e-08
5.586590e+01 7.125625e-08
5.594410e+01 7.214990e-08
5.602240e+01 9.478908e-08
5.610101e+01 1.375085e-07
5.617979e+01 1.437278e-07
5.625880e+01 1.459417e-07
5.633801e+01 1.588531e-07
5.641750e+01 1.315934e-07
5.649720e+01 1.052196e-07
5.657710e+01 1.048034e-07
5.665720e+01 8.110786e-08
5.673760e+01 4.366800e-08
5.681820e+01 2.674180e-08
5.689899e+01 7.928313e-09
5.698009e+01 1.146594e-09
5.706130e+01 1.109747e-09
5.714290e+01 1.064071e-09
5.722460e+01 1.035569e-09
5.730660e+01 1.011146e-09
5.738880e+01 1.001485e-09
5.747129e+01 9.910550e-10
5.755400e+01 5.692517e-09
5.763690e+01 1.279085e-08
5.772010e+01 1.473364e-08
5.780350e+01 1.560457e-08
5.788710e+01 1.773866e-08
5.797100e+01 1.815820e-08
5.805520e+01 1.856898e-08
5.813950e+01 1.979921e-08
5.822420e+01 1.870839e-08
5.830900e+01 1.568465e-08
5.839420e+01 1.320150e-08
5.847950e+01 1.047507e-08
5.856520e+01 8.490044e-09
5.865100e+01 8.449866e-09
5.873720e+01 7.907918e-09
5.882350e+01 6.506697e-09
5.891019e+01 5.817040e-09
5.899710e+01 5.211527e-09
5.908421e+01 4.419151e-09
5.917160e+01 4.233209e-09
5.925930e+01 3.861770e-09
5.934720e+01 2.903992e-09
5.943540e+01 2.038810e-09
5.952380e+01 1.307501e-09
5.961250e+01 8.104574e-10
5.970150e+01 5.496334e-10
5.979070e+01 2.582134e-10
5.988020e+01 1.290872e-10
5.997001e+01 2.934953e-10
6.006010e+01 5.758713e-10
6.015040e+01 8.770759e-10
6.024100e+01 1.079030e-09
6.033180e+01 1.219785e-09
6.042300e+01 1.224438e-09
6.051440e+01 1.115238e-09
6.060610e+01 1.046032e-09
6.069800e+01 9.936941e-10
6.079030e+01 9.362088e-10
6.088281e+01 1.035279e-09
6.097561e+01 1.159292e-09
6.106870e+01 1.037565e-09
6.116210e+01 7.921193e-10
6.125570e+01 5.364216e-10
6.134970e+01 2.915412e-10
6.144391e+01 1.895238e-10
6.153850e+01 2.461732e-10
6.163330e+01 1.652181e-10
6.172841e+01 1.111365e-11
6.182380e+01 1.636325e-11
6.191950e+01 3.199124e-11
6.201550e+01 5.836459e-11
6.211180e+01 3.241640e-10
6.220840e+01 6.698148e-10
6.230530e+01 2.171368e-10
6.240250e+01 3.215962e-10
6.250000e+01 4.350958e-10
6.259780e+01 2.412555e-09
6.269590e+01 6.055675e-09
6.279430e+01 1.014015e-08
6.289310e+01 1.190830e-08
6.299210e+01 1.185573e-08
6.309150e+01 9.944224e-09
6.319120e+01 7.415581e-09
6.329110e+01 8.776193e-09
6.339140e+01 1.077421e-08
6.349210e+01 7.833755e-09
6.359300e+01 2.432594e-09
6.369430e+01 5.428774e-10
6.379590e+01 4.494250e-10
6.389780e+01 4.256917e-10
6.400000e+01 3.697909e-10
6.410260e+01 9.114082e-10
6.420550e+01 1.765744e-09
6.430870e+01 1.562188e-09
6.441220e+01 1.293717e-09
6.451610e+01 1.213649e-09
6.462040e+01 1.154186e-09
6.472490e+01 9.962256e-10
6.482980e+01 8.156762e-10
6.493510e+01 7.076110e-10
6.504060e+01 6.546781e-10
6.514660e+01 5.734886e-10
6.525290e+01 5.622035e-10
6.535950e+01 5.767396e-10
6.546640e+01 5.088056e-10
6.557380e+01 3.737509e-10
6.568140e+01 2.855864e-10
6.578950e+01 2.959843e-10
6.589790e+01 3.801814e-10
6.600660e+01 4.184149e-10
6.611570e+01 2.912451e-10
6.622520e+01 1.217809e-10
6.633500e+01 3.288250e-11
6.644520e+01 2.324241e-11
6.655570e+01 4.539409e-11
6.666670e+01 6.725217e-11
6.677800e+01 5.979962e-11
6.688960e+01 4.061490e-11
6.700170e+01 3.073850e-11
6.711410e+01 3.047794e-11
6.722690e+01 3.959112e-11
6.734010e+01 4.178024e-11
6.745360e+01 1.915409e-11
6.756760e+01 1.070660e-12
6.779660e+01 8.666369e-13
6.791170e+01 1.363900e-11
6.802720e+01 2.759269e-11
6.814310e+01 1.882015e-11
6.837610e+01 4.003021e-11
6.849310e+01 1.629697e-10
6.861060e+01 2.503349e-10
6.872850e+01 2.182888e-10
6.884680e+01 1.097544e-10
6.896550e+01 3.251645e-11
6.908460e+01 8.629801e-12
6.920420e+01 2.458224e-11
6.932410e+01 5.793519e-11
6.944440e+01 9.041394e-11
6.956520e+01 1.467428e-10
6.968640e+01 2.907856e-10
6.980800e+01 4.578505e-10
6.993010e+01 4.448489e-10
7.005250e+01 2.837360e-10
7.017540e+01 1.663717e-10
7.029880e+01 9.591042e-11
7.042250e+01 5.453393e-11
7.054670e+01 4.912640e-11
7.067140e+01 6.299599e-11
7.079650e+01 5.664150e-11
7.092200e+01 2.972091e-11
7.168460e+01 6.588736e-12
7.181330e+01 1.561642e-10
7.194240e+01 3.686223e-10
7.207210e+01 5.552945e-10
7.220220e+01 4.277754e-10
7.233270e+01 2.248769e-10
7.246380e+01 2.264708e-10
7.259530e+01 2.178458e-10
7.272730e+01 1.206581e-10
7.285970e+01 4.257348e-11
7.299270e+01 5.650624e-11
7.312610e+01 8.828754e-11
7.326010e+01 6.991075e-11
7.339450e+01 3.106549e-11
7.352940e+01 2.438706e-12
7.366480e+01 1.086397e-11
7.380070e+01 2.726597e-11
7.393720e+01 1.930576e-11
7.421150e+01 1.165770e-11
7.434940e+01 9.321868e-11
7.448790e+01 1.413699e-10
7.462690e+01 1.013922e-10
7.476640e+01 6.379018e-11
7.490640e+01 6.451935e-11
7.504690e+01 6.671079e-11
7.518800e+01 4.677778e-11
7.532960e+01 6.895211e-12
7.561440e+01 1.081699e-11
7.575760e+01 6.492338e-11
7.590130e+01 1.367320e-10
7.604560e+01 1.235276e-10
7.619050e+01 6.488348e-12
7.633590e+01 3.976600e-11
7.648180e+01 1.617483e-10
7.662830e+01 2.162126e-10
7.677540e+01 1.320320e-10
7.692310e+01 2.011469e-11
7.707130e+01 1.453402e-11
7.722010e+01 8.363758e-11
7.736940e+01 1.076253e-10
7.751940e+01 8.192107e-11
7.766990e+01 6.695185e-11
7.782100e+01 5.240572e-11
7.797270e+01 2.598035e-11
7.812500e+01 4.553138e-12
7.827790e+01 6.209969e-11
7.843140e+01 1.159861e-10
7.858550e+01 1.225227e-10
7.874020e+01 8.188234e-11
7.889550e+01 4.935922e-11
7.905140e+01 3.816888e-11
7.920790e+01 3.447812e-11
7.936510e+01 4.216856e-11
7.952290e+01 6.616843e-11
7.968130e+01 7.596463e-11
7.984030e+01 5.480904e-11
8.000000e+01 5.255065e-11
8.016030e+01 6.594918e-11
8.032130e+01 6.219638e-11
8.048290e+01 3.931611e-11
8.064520e+01 2.305868e-11
8.080810e+01 1.790828e-11
8.097170e+01 2.015753e-11
8.113590e+01 1.404726e-11
8.130080e+01 2.723736e-12
8.146640e+01 4.467237e-12
8.163270e+01 3.293127e-11
8.179960e+01 5.807697e-11
8.196720e+01 7.802049e-11
8.213550e+01 1.087588e-10
8.230450e+01 1.103520e-10
8.247420e+01 1.313152e-10
8.264460e+01 1.427393e-10
8.281570e+01 5.764608e-11
8.298750e+01 8.641684e-12
8.316010e+01 1.437924e-11
8.333330e+01 3.229974e-11
8.350730e+01 1.228502e-11
8.368200e+01 2.963274e-11
8.385740e+01 7.515751e-11
8.403360e+01 9.060242e-11
8.421050e+01 1.429389e-10
8.438820e+01 2.356663e-10
8.456660e+01 2.692263e-10
8.474580e+01 3.382252e-10
8.492570e+01 2.911459e-10
8.510640e+01 1.119738e-10
8.528780e+01 8.641464e-11
8.547010e+01 1.177777e-10
8.565310e+01 7.329905e-11
8.583690e+01 4.232650e-11
8.602150e+01 2.499320e-11
8.620690e+01 5.802214e-11
8.639310e+01 1.816640e-10
8.658010e+01 4.671707e-10
8.676790e+01 5.240927e-10
8.695650e+01 4.304823e-10
8.714600e+01 4.316716e-10
8.733620e+01 2.793806e-10
8.752740e+01 1.460748e-10
8.771930e+01 1.114540e-10
8.791210e+01 7.054597e-11
8.810570e+01 8.951827e-11
8.830020e+01 1.957790e-10
8.849560e+01 1.911990e-10
8.869180e+01 1.890892e-10
8.888890e+01 3.768515e-10
8.908690e+01 4.165327e-10
8.928570e+01 1.365820e-10
8.948550e+01 1.559521e-10
8.968610e+01 2.706969e-10
8.988760e+01 1.196534e-10
9.009010e+01 1.003953e-10
9.029350e+01 1.003182e-10
9.049770e+01 1.821364e-11
9.070290e+01 4.223612e-11
9.090910e+01 1.663760e-10
9.111620e+01 6.421795e-11
9.132420e+01 3.444047e-11
9.153320e+01 1.796119e-10
9.174310e+01 1.826274e-10
9.195400e+01 6.154281e-11
9.216590e+01 1.790325e-10
9.237880e+01 2.153994e-10
9.259260e+01 1.243666e-10
9.280740e+01 3.758378e-10
9.302330e+01 4.861923e-10
9.324010e+01 2.501111e-10
9.345790e+01 2.640662e-10
9.367680e+01 1.892798e-10
9.389670e+01 5.542883e-11
9.411760e+01 5.405443e-11
9.433960e+01 1.840837e-10
9.456260e+01 2.555152e-10
9.478670e+01 2.645223e-10
9.501190e+01 1.756902e-10
9.523810e+01 2.626831e-11
9.546540e+01 5.748988e-11
9.569380e+01 2.738265e-10
9.592330e+01 3.190632e-10
9.615380e+01 1.723632e-10
9.638550e+01 2.239418e-10
9.661840e+01 1.706484e-10
9.685230e+01 5.585448e-11
9.708740e+01 8.819266e-11
9.732360e+01 2.776327e-10
9.756100e+01 9.267107e-11
9.779950e+01 1.526892e-11
9.803920e+01 3.773381e-11
9.876540e+01 5.370182e-11
9.900990e+01 1.227701e-10
9.925560e+01 2.944981e-12
9.950250e+01 5.731171e-11
9.975060e+01 1.329411e-12
1.000000e+02 1.383292e-11
1.002510e+02 1.502687e-10
1.005030e+02 2.561609e-10
1.007560e+02 4.348894e-11
1.010100e+02 2.720496e-11
1.012660e+02 1.579996e-10
1.015230e+02 1.244447e-10
1.017810e+02 9.842347e-11
1.020410e+02 3.502211e-10
1.023020e+02 3.304385e-10
1.025640e+02 1.814700e-10
1.028280e+02 6.800752e-10
1.030930e+02 1.320220e-09
1.033590e+02 9.894514e-10
1.036270e+02 1.097465e-09
1.038960e+02 9.404029e-10
1.041670e+02 5.353775e-10
1.044390e+02 8.570403e-10
1.047120e+02 1.050134e-09
1.049870e+02 8.889791e-10
1.052630e+02 7.063034e-09
1.055410e+02 2.034743e-08
1.058200e+02 3.508669e-08
1.061010e+02 6.310750e-08
1.063830e+02 1.547783e-07
1.066670e+02 2.791321e-07
1.069520e+02 2.586242e-07
1.072390e+02 1.115299e-07
1.075270e+02 2.047535e-08
1.078170e+02 1.367168e-07
1.081080e+02 2.528371e-07
1.084010e+02 2.376451e-07
1.086960e+02 3.473298e-07
1.089920e+02 1.080616e-06
1.092900e+02 3.725697e-06
1.095890e+02 8.494403e-06
1.098900e+02 1.374832e-05
1.101930e+02 1.951412e-05
1.104970e+02 3.318017e-05
1.108030e+02 5.275979e-05
1.111110e+02 7.652605e-05
1.114210e+02 1.117959e-04
1.117320e+02 1.695293e-04
1.120450e+02 2.288042e-04
1.123600e+02 2.990557e-04
1.126760e+02 3.873104e-04
1.129940e+02 5.161596e-04
1.133140e+02 6.827390e-04
1.136360e+02 9.248044e-04
1.139600e+02 1.187459e-03
1.142860e+02 1.370104e-03
1.146130e+02 1.513457e-03
1.149430e+02 1.778486e-03
1.152740e+02 2.085668e-03
1.156070e+02 2.280312e-03
1.159420e+02 2.423215e-03
1.162790e+02 2.707243e-03
1.166180e+02 3.098212e-03
1.169590e+02 3.650248e-03
1.173020e+02 4.321619e-03
1.176470e+02 4.894756e-03
1.179940e+02 5.568786e-03
1.183430e+02 6.551259e-03
1.186940e+02 7.700782e-03
1.190480e+02 9.040554e-03
1.194030e+02 1.068621e-02
1.197600e+02 1.228875e-02
1.201200e+02 1.411817e-02
1.204820e+02 1.662009e-02
1.208460e+02 1.940177e-02
1.212120e+02 2.241168e-02
1.215810e+02 2.601360e-02
1.219510e+02 3.000723e-02
1.223240e+02 3.456273e-02
1.226990e+02 4.025847e-02
1.230770e+02 4.663540e-02
1.234570e+02 5.325087e-02
1.238390e+02 6.146698e-02
1.242240e+02 7.130603e-02
1.246110e+02 8.123292e-02
1.250000e+02 9.258764e-02
1.253920e+02 1.059754e-01
1.257860e+02 1.192710e-01
1.261830e+02 1.343720e-01
1.265820e+02 1.521858e-01
1.269840e+02 1.686632e-01
1.273890e+02 1.862881e-01
1.277960e+02 2.079581e-01
1.282050e+02 2.271674e-01
1.286170e+02 2.456437e-01
1.290320e+02 2.686155e-01
1.294500e+02 2.872104e-01
1.298700e+02 3.023429e-01
1.302930e+02 3.221866e-01
1.307190e+02 3.384728e-01
1.311480e+02 3.494019e-01
1.315790e+02 3.644452e-01
1.320130e+02 3.752323e-01
1.324500e+02 3.767233e-01
1.328900e+02 3.805283e-01
1.333330e+02 3.835206e-01
1.337790e+02 3.791652e-01
1.342280e+02 3.775837e-01
1.346800e+02 3.787988e-01
1.351350e+02 3.749483e-01
1.355930e+02 3.750917e-01
1.360540e+02 3.831123e-01
1.365190e+02 3.865480e-01
1.369860e+02 3.903653e-01
1.374570e+02 4.017653e-01
1.379310e+02 4.073288e-01
1.384080e+02 4.097046e-01
1.388890e+02 4.178214e-01
1.393730e+02 4.205240e-01
1.398600e+02 4.185141e-01
1.403510e+02 4.246113e-01
1.408450e+02 4.269878e-01
1.413430e+02 4.229856e-01
1.418440e+02 4.263293e-01
1.423490e+02 4.291507e-01
1.428570e+02 4.248691e-01
1.433690e+02 4.265896e-01
1.438850e+02 4.296652e-01
1.444040e+02 4.254851e-01
1.449280e+02 4.259272e-01
1.454550e+02 4.303296e-01
1.459850e+02 4.302277e-01
1.465200e+02 4.325709e-01
1.470590e+02 4.391928e-01
1.476010e+02 4.395690e-01
1.481480e+02 4.408641e-01
1.486990e+02 4.481621e-01
1.492540e+02 4.487562e-01
1.498130e+02 4.468248e-01
1.503760e+02 4.523865e-01
1.509430e+02 4.529519e-01
1.515150e+02 4.491977e-01
1.520910e+02 4.536496e-01
1.526720e+02 4.551951e-01
1.532570e+02 4.508777e-01
1.538460e+02 4.551682e-01
1.544400e+02 4.578325e-01
1.550390e+02 4.531114e-01
1.556420e+02 4.550391e-01
1.562500e+02 4.567513e-01
1.568630e+02 4.498548e-01
1.574800e+02 4.484323e-01
1.581030e+02 4.496326e-01
1.587300e+02 4.417145e-01
1.593630e+02 4.364356e-01
1.600000e+02 4.361480e-01
1.606430e+02 4.283870e-01
1.612900e+02 4.214273e-01
1.619430e+02 4.212723e-01
1.626020e+02 4.164272e-01
1.632650e+02 4.100202e-01
1.639340e+02 4.080850e-01
1.646090e+02 4.020445e-01
1.652890e+02 3.917801e-01
1.659750e+02 3.880278e-01
1.666670e+02 3.813812e-01
1.673640e+02 3.710747e-01
1.680670e+02 3.677147e-01
1.687760e+02 3.656163e-01
1.694920e+02 3.562887e-01
1.702130e+02 3.522822e-01
1.709400e+02 3.535271e-01
1.716740e+02 3.485959e-01
1.724140e+02 3.481371e-01
1.731600e+02 3.512839e-01
1.739130e+02 3.471185e-01
1.746720e+02 3.446083e-01
1.754390e+02 3.466453e-01
1.762110e+02 3.431736e-01
1.769910e+02 3.411267e-01
1.777780e+02 3.433888e-01
1.785710e+02 3.388353e-01
1.793720e+02 3.347408e-01
1.801800e+02 3.372400e-01
1.809950e+02 3.371451e-01
1.818180e+02 3.357340e-01
1.826480e+02 3.402354e-01
1.834860e+02 3.419943e-01
1.843320e+02 3.370847e-01
1.851850e+02 3.369916e-01
1.860470e+02 3.381154e-01
1.869160e+02 3.372621e-01
1.877930e+02 3.397509e-01
1.886790e+02 3.416520e-01
1.895730e+02 3.370698e-01
1.904760e+02 3.346746e-01
1.913880e+02 3.333425e-01
1.923080e+02 3.280031e-01
1.932370e+02 3.236396e-01
1.941750e+02 3.194546e-01
1.951220e+02 3.073441e-01
1.960780e+02 2.946200e-01
1.970440e+02 2.875318e-01
1.980200e+02 2.772911e-01
1.990050e+02 2.658173e-01
2.000000e+02 2.574851e-01
2.010050e+02 2.421787e-01
2.020200e+02 2.257351e-01
2.030460e+02 2.153280e-01
2.040820e+02 2.013772e-01
2.051280e+02 1.831890e-01
2.061860e+02 1.704962e-01
2.072540e+02 1.563782e-01
2.083330e+02 1.370879e-01
2.094240e+02 1.242459e-01
2.105260e+02 1.131646e-01
2.116400e+02 1.019247e-01
2.127660e+02 9.182167e-02
2.139040e+02 8.159299e-02
2.150540e+02 7.096390e-02
2.162160e+02 6.266367e-02
2.173910e+02 5.530206e-02
2.185790e+02 4.798603e-02
2.197800e+02 4.191978e-02
2.209940e+02 3.648613e-02
2.222220e+02 3.144465e-02
2.234640e+02 2.775141e-02
2.247190e+02 2.461592e-02
2.259890e+02 2.113976e-02
2.272730e+02 1.826813e-02
2.285710e+02 1.616342e-02
2.298850e+02 1.394839e-02
2.312140e+02 1.185585e-02
2.325580e+02 1.032259e-02
2.339180e+02 8.999098e-03
2.352940e+02 7.897871e-03
2.366860e+02 6.954403e-03
2.380950e+02 6.114316e-03
2.395210e+02 5.324860e-03
2.409640e+02 4.767241e-03
2.424240e+02 4.204070e-03
2.439020e+02 3.538518e-03
2.453990e+02 3.175254e-03
2.469140e+02 2.856040e-03
2.484470e+02 2.435613e-03
2.500000e+02 2.148896e-03
2.515720e+02 1.932884e-03
2.531650e+02 1.702812e-03
2.547770e+02 1.523299e-03
2.564100e+02 1.384702e-03
2.580650e+02 1.230566e-03
2.597400e+02 1.091912e-03
2.614380e+02 9.766290e-04
2.631580e+02 8.359445e-04
2.649010e+02 7.162507e-04
2.666670e+02 6.328736e-04
2.684560e+02 5.362784e-04
2.702700e+02 4.401456e-04
2.721090e+02 3.833256e-04
2.739730e+02 3.300352e-04
2.758620e+02 2.749514e-04
2.777780e+02 2.443075e-04
2.797200e+02 2.230781e-04
2.816900e+02 1.903801e-04
2.836880e+02 1.635246e-04
2.857140e+02 1.442808e-04
2.877700e+02 1.216977e-04
2.898550e+02 9.731598e-05
2.919710e+02 8.451716e-05
2.941180e+02 6.750063e-05
2.962960e+02 5.606271e-05
2.985070e+02 6.229304e-05
3.007520e+02 6.624337e-05
3.030300e+02 6.346955e-05
3.053440e+02 6.408928e-05
3.076920e+02 5.801185e-05
3.100780e+02 4.724996e-05
3.125000e+02 4.502714e-05
3.149610e+02 4.211014e-05
3.174600e+02 3.540964e-05
3.200000e+02 3.314971e-05
3.225810e+02 2.900445e-05
3.252030e+02 2.101977e-05
3.278690e+02 1.698220e-05
3.305790e+02 1.402853e-05
3.333330e+02 9.401711e-06
3.361340e+02 8.657879e-06
3.389830e+02 1.019568e-05
3.418800e+02 9.485413e-06
3.448280e+02 1.002870e-05
3.478260e+02 1.293938e-05
3.508770e+02 1.588591e-05
3.539820e+02 1.872507e-05
3.571430e+02 2.125783e-05
3.603600e+02 1.924899e-05
3.636360e+02 1.447831e-05
3.669720e+02 1.185984e-05
3.703700e+02 7.741509e-06
3.738320e+02 2.189880e-06
3.773580e+02 3.402473e-07
3.809520e+02 3.190733e-07
3.846150e+02 2.979404e-07
3.883500e+02 2.945090e-07
3.921570e+02 2.852821e-06
3.960400e+02 4.779048e-06
4.000000e+02 7.576558e-06
4.040400e+02 1.025748e-05
4.081630e+02 1.025277e-05
4.123710e+02 1.003278e-05
4.166670e+02 1.004427e-05
4.210530e+02 7.817460e-06
4.255320e+02 5.836668e-06
4.301080e+02 5.042690e-06
4.347830e+02 2.984346e-06
4.395600e+02 1.391984e-06
4.444440e+02 1.192946e-06
4.494380e+02 9.348335e-07
4.545450e+02 1.121890e-06
4.597700e+02 2.431464e-06
4.651160e+02 3.035609e-06
4.705880e+02 2.816167e-06
4.761900e+02 5.427081e-06
4.819280e+02 8.036505e-06
4.878050e+02 1.000727e-05
4.938270e+02 1.574483e-05
5.000000e+02 2.095175e-05
