1.110342437037036916e+03 0.000000000000000000e+00
1.109931351351351168e+03 0.000000000000000000e+00
1.109520569948186449e+03 0.000000000000000000e+00
1.109110092489826002e+03 0.000000000000000000e+00
1.108699918639053294e+03 0.000000000000000000e+00
1.108290048059149740e+03 0.000000000000000000e+00
1.107880480413894929e+03 0.000000000000000000e+00
1.107471215367565492e+03 0.000000000000000000e+00
1.107062252584933503e+03 0.000000000000000000e+00
1.106653591731266260e+03 0.000000000000000000e+00
1.106245232472324687e+03 0.000000000000000000e+00
1.105837174474363565e+03 0.000000000000000000e+00
1.105429417404129708e+03 0.000000000000000000e+00
1.105021960928860835e+03 0.000000000000000000e+00
1.104614804716286017e+03 0.000000000000000000e+00
1.104207948434622494e+03 0.000000000000000000e+00
1.103801391752577274e+03 0.000000000000000000e+00
1.103395134339344850e+03 0.000000000000000000e+00
1.102989175864606295e+03 0.000000000000000000e+00
1.102583515998528810e+03 0.000000000000000000e+00
1.102178154411764581e+03 0.000000000000000000e+00
1.101773090775450100e+03 0.000000000000000000e+00
1.101368324761205031e+03 0.000000000000000000e+00
1.100963856041131066e+03 0.000000000000000000e+00
1.100559684287812161e+03 0.000000000000000000e+00
1.100155809174311798e+03 0.000000000000000000e+00
1.099752230374174360e+03 0.000000000000000000e+00
1.099348947561422847e+03 0.000000000000000000e+00
1.098945960410557063e+03 0.000000000000000000e+00
1.098543268596555436e+03 0.000000000000000000e+00
1.098140871794871828e+03 0.000000000000000000e+00
1.097738769681435315e+03 0.000000000000000000e+00
1.097336961932649956e+03 0.000000000000000000e+00
1.096935448225393202e+03 0.000000000000000000e+00
1.096534228237015441e+03 0.000000000000000000e+00
1.096133301645338179e+03 0.000000000000000000e+00
1.095732668128654723e+03 0.000000000000000000e+00
1.095332327365728815e+03 0.000000000000000000e+00
1.094932279035792362e+03 0.000000000000000000e+00
1.094532522818547022e+03 0.000000000000000000e+00
1.094133058394160571e+03 0.000000000000000000e+00
1.093733885443268719e+03 0.000000000000000000e+00
1.093335003646973064e+03 0.000000000000000000e+00
1.092936412686839049e+03 0.000000000000000000e+00
1.092538112244898002e+03 0.000000000000000000e+00
1.092140102003642824e+03 0.000000000000000000e+00
1.091742381646030481e+03 0.000000000000000000e+00
1.091344950855478601e+03 0.000000000000000000e+00
1.090947809315865925e+03 0.000000000000000000e+00
1.090550956711531398e+03 0.000000000000000000e+00
1.090154392727272580e+03 0.000000000000000000e+00
1.089758117048345866e+03 0.000000000000000000e+00
1.089362129360465133e+03 0.000000000000000000e+00
1.088966429349800137e+03 0.000000000000000000e+00
1.088571016702977431e+03 0.000000000000000000e+00
1.088175891107078087e+03 0.000000000000000000e+00
1.087781052249637014e+03 0.000000000000000000e+00
1.087386499818643415e+03 0.000000000000000000e+00
1.086992233502538056e+03 0.000000000000000000e+00
1.086598252990213950e+03 0.000000000000000000e+00
1.086204557971014538e+03 0.000000000000000000e+00
1.085811148134733685e+03 0.000000000000000000e+00
1.085418023171614777e+03 0.000000000000000000e+00
1.085025182772348899e+03 0.000000000000000000e+00
1.084632626628075286e+03 0.000000000000000000e+00
1.084240354430379739e+03 0.000000000000000000e+00
1.083848365871294163e+03 0.000000000000000000e+00
1.083456660643295891e+03 0.000000000000000000e+00
1.083065238439306313e+03 0.000000000000000000e+00
1.082674098952690429e+03 0.000000000000000000e+00
1.082283241877256160e+03 0.000000000000000000e+00
1.081892666907253442e+03 0.000000000000000000e+00
1.081502373737373773e+03 0.000000000000000000e+00
1.081112362062747934e+03 0.000000000000000000e+00
1.080722631578947357e+03 0.000000000000000000e+00
1.080333181981981852e+03 0.000000000000000000e+00
1.079944012968299603e+03 0.000000000000000000e+00
1.079555124234785808e+03 0.000000000000000000e+00
1.079166515478761539e+03 0.000000000000000000e+00
1.078778186397984882e+03 0.000000000000000000e+00
1.078390136690647523e+03 0.000000000000000000e+00
1.078002366055375660e+03 0.000000000000000000e+00
1.077614874191229319e+03 0.000000000000000000e+00
1.077227660797700310e+03 0.000000000000000000e+00
1.076840725574712678e+03 0.000000000000000000e+00
1.076454068222621117e+03 0.000000000000000000e+00
1.076067688442210965e+03 0.000000000000000000e+00
1.075681585934696841e+03 0.000000000000000000e+00
1.075295760401721509e+03 0.000000000000000000e+00
1.074910211545356788e+03 0.000000000000000000e+00
1.074524939068100366e+03 0.000000000000000000e+00
1.074139942672876941e+03 0.000000000000000000e+00
1.073755222063037309e+03 0.000000000000000000e+00
1.073370776942355860e+03 0.000000000000000000e+00
1.072986607015032178e+03 0.000000000000000000e+00
1.072602711985688757e+03 0.000000000000000000e+00
1.072219091559370327e+03 0.000000000000000000e+00
1.071835745441544532e+03 0.000000000000000000e+00
1.071452673338098521e+03 0.000000000000000000e+00
1.071069874955341220e+03 0.000000000000000000e+00
1.070687349999999924e+03 0.000000000000000000e+00
1.070305098179221659e+03 0.000000000000000000e+00
1.069923119200570909e+03 0.000000000000000000e+00
1.069541412772029844e+03 0.000000000000000000e+00
1.069159978601997182e+03 0.000000000000000000e+00
1.068778816399286825e+03 0.000000000000000000e+00
1.068397925873128770e+03 0.000000000000000000e+00
1.068017306733167061e+03 0.000000000000000000e+00
1.067636958689458652e+03 0.000000000000000000e+00
1.067256881452474317e+03 0.000000000000000000e+00
1.066877074733095924e+03 0.000000000000000000e+00
1.066497538242618248e+03 0.000000000000000000e+00
1.066118271692745338e+03 0.000000000000000000e+00
1.065739274795591882e+03 0.000000000000000000e+00
1.065360547263681610e+03 0.000000000000000000e+00
1.064982088809946617e+03 0.000000000000000000e+00
1.064603899147727134e+03 0.000000000000000000e+00
1.064225977990770389e+03 0.000000000000000000e+00
1.063848325053229246e+03 0.000000000000000000e+00
1.063470940049663113e+03 0.000000000000000000e+00
1.063093822695035442e+03 0.000000000000000000e+00
1.062716972704714408e+03 0.000000000000000000e+00
1.062340389794472003e+03 0.000000000000000000e+00
1.061964073680481761e+03 0.000000000000000000e+00
1.061588024079320121e+03 0.000000000000000000e+00
1.061212240707964611e+03 0.000000000000000000e+00
1.060836723283793162e+03 0.000000000000000000e+00
1.060461471524584340e+03 0.000000000000000000e+00
1.060086485148514839e+03 0.000000000000000000e+00
1.059711763874160397e+03 0.000000000000000000e+00
1.059337307420494653e+03 0.000000000000000000e+00
1.058963115506887789e+03 0.000000000000000000e+00
1.058589187853107433e+03 0.000000000000000000e+00
1.058215524179315025e+03 0.000000000000000000e+00
1.057842124206069229e+03 0.000000000000000000e+00
1.057468987654320927e+03 0.000000000000000000e+00
1.057096114245415947e+03 0.000000000000000000e+00
1.056723503701092795e+03 0.000000000000000000e+00
1.056351155743481286e+03 0.000000000000000000e+00
1.055979070095103907e+03 0.000000000000000000e+00
1.055607246478873094e+03 0.000000000000000000e+00
1.055235684618092137e+03 0.000000000000000000e+00
1.054864384236453134e+03 0.000000000000000000e+00
1.054493345058037221e+03 0.000000000000000000e+00
1.054122566807313660e+03 0.000000000000000000e+00
1.053752049209138704e+03 0.000000000000000000e+00
1.053381791988756049e+03 0.000000000000000000e+00
1.053011794871794791e+03 0.000000000000000000e+00
1.052642057584269651e+03 0.000000000000000000e+00
1.052272579852579838e+03 0.000000000000000000e+00
1.051903361403508825e+03 0.000000000000000000e+00
1.051534401964222980e+03 0.000000000000000000e+00
1.051165701262272023e+03 0.000000000000000000e+00
1.050797259025586982e+03 0.000000000000000000e+00
1.050429074982480870e+03 0.000000000000000000e+00
1.050061148861646188e+03 0.000000000000000000e+00
1.049693480392156744e+03 0.000000000000000000e+00
1.049326069303465147e+03 0.000000000000000000e+00
1.048958915325402359e+03 1.000000000000000021e-03
1.048592018188177690e+03 1.000000000000000021e-03
1.048225377622377664e+03 1.000000000000000021e-03
1.047858993358965336e+03 1.000000000000000021e-03
1.047492865129280290e+03 1.000000000000000021e-03
1.047126992665036596e+03 1.000000000000000021e-03
1.046761375698323945e+03 1.000000000000000021e-03
1.046396013961605604e+03 1.000000000000000021e-03
1.046030907187717958e+03 1.000000000000000021e-03
1.045666055109870967e+03 1.000000000000000021e-03
1.045301457461645668e+03 1.000000000000000021e-03
1.044937113976995533e+03 1.000000000000000021e-03
1.044573024390243745e+03 1.000000000000000021e-03
1.044209188436084787e+03 1.000000000000000021e-03
1.043845605849582171e+03 1.000000000000000021e-03
1.043482276366167753e+03 1.000000000000000021e-03
1.043119199721642417e+03 1.000000000000000021e-03
1.042756375652173801e+03 1.000000000000000021e-03
1.042393803894297434e+03 1.000000000000000021e-03
1.042031484184914916e+03 1.000000000000000021e-03
1.041669416261292554e+03 1.000000000000000021e-03
1.041307599861062954e+03 1.000000000000000021e-03
1.040946034722222066e+03 1.000000000000000021e-03
1.040584720583130775e+03 1.000000000000000021e-03
1.040223657182512170e+03 1.000000000000000021e-03
1.039862844259451776e+03 1.000000000000000021e-03
1.039502281553398007e+03 1.000000000000000021e-03
1.039141968804159433e+03 1.000000000000000021e-03
1.038781905751905697e+03 1.000000000000000021e-03
1.038422092137166601e+03 1.000000000000000021e-03
1.038062527700830969e+03 1.000000000000000021e-03
1.037703212184146878e+03 1.000000000000000021e-03
1.037344145328719605e+03 1.000000000000000021e-03
1.036985326876513227e+03 1.000000000000000021e-03
1.036626756569847885e+03 1.000000000000000021e-03
1.036268434151399788e+03 1.000000000000000021e-03
1.035910359364201895e+03 1.000000000000000021e-03
1.035552531951640731e+03 1.000000000000000021e-03
1.035194951657458432e+03 1.000000000000000021e-03
1.034837618225750703e+03 1.000000000000000021e-03
1.034480531400966129e+03 1.000000000000000021e-03
1.034123690927906182e+03 1.000000000000000021e-03
1.033767096551724080e+03 1.000000000000000021e-03
1.033410748017924789e+03 1.000000000000000021e-03
1.033054645072363883e+03 1.000000000000000021e-03
1.032698787461246866e+03 1.000000000000000021e-03
1.032343174931129397e+03 1.000000000000000021e-03
1.031987807228915699e+03 1.000000000000000021e-03
1.031632684101858104e+03 1.000000000000000021e-03
1.031277805297557506e+03 1.000000000000000021e-03
1.030923170563961321e+03 1.000000000000000021e-03
1.030568779649364160e+03 1.000000000000000021e-03
1.030214632302405334e+03 1.000000000000000021e-03
1.029860728272071356e+03 1.000000000000000021e-03
1.029507067307692296e+03 1.000000000000000021e-03
1.029153649158942471e+03 1.000000000000000021e-03
1.028800473575840897e+03 1.000000000000000021e-03
1.028447540308747875e+03 1.000000000000000021e-03
1.028094849108367498e+03 1.000000000000000021e-03
1.027742399725745599e+03 1.000000000000000021e-03
1.027390191912268619e+03 1.000000000000000021e-03
1.027038225419664286e+03 1.000000000000000021e-03
1.026686500000000024e+03 1.000000000000000021e-03
1.026335015405682952e+03 1.000000000000000021e-03
1.025983771389459207e+03 1.000000000000000021e-03
1.025632767704413254e+03 1.000000000000000021e-03
1.025282004103967211e+03 1.000000000000000021e-03
1.024931480341880388e+03 1.000000000000000021e-03
1.024581196172248610e+03 1.000000000000000021e-03
1.024231151349504671e+03 1.000000000000000021e-03
1.023881345628415261e+03 1.000000000000000021e-03
1.023531778764083356e+03 1.000000000000000021e-03
1.023182450511945376e+03 1.000000000000000021e-03
1.022833360627771981e+03 1.000000000000000021e-03
1.022484508867667159e+03 1.000000000000000021e-03
1.022135894988066752e+03 1.000000000000000021e-03
1.021787518745739590e+03 1.000000000000000021e-03
1.021439379897785329e+03 1.000000000000000021e-03
1.021091478201634800e+03 1.000000000000000021e-03
1.020743813415049317e+03 1.000000000000000021e-03
1.020396385296119661e+03 1.000000000000000021e-03
1.020049193603266417e+03 1.000000000000000021e-03
1.019702238095238044e+03 1.000000000000000021e-03
1.019355518531111784e+03 1.000000000000000021e-03
1.019009034670292294e+03 1.000000000000000021e-03
1.018662786272510971e+03 2.000000000000000042e-03
1.018316773097826058e+03 2.000000000000000042e-03
1.017970994906621286e+03 2.000000000000000042e-03
1.017625451459606097e+03 2.000000000000000042e-03
1.017280142517814738e+03 2.000000000000000042e-03
1.016935067842605008e+03 2.000000000000000042e-03
1.016590227195659622e+03 2.000000000000000042e-03
1.016245620338983031e+03 2.000000000000000042e-03
1.015901247034903236e+03 2.000000000000000042e-03
1.015557107046070428e+03 2.000000000000000042e-03
1.015213200135455395e+03 2.000000000000000042e-03
1.014869526066350772e+03 2.000000000000000042e-03
1.014526084602368769e+03 2.000000000000000042e-03
1.014182875507442304e+03 2.000000000000000042e-03
1.013839898545823416e+03 2.000000000000000042e-03
1.013497153482082354e+03 2.000000000000000042e-03
1.013154640081108482e+03 2.000000000000000042e-03
1.012812358108108015e+03 2.000000000000000042e-03
1.012470307328605031e+03 2.000000000000000042e-03
1.012128487508440230e+03 2.000000000000000042e-03
1.011786898413769791e+03 2.000000000000000042e-03
1.011445539811066169e+03 2.000000000000000042e-03
1.011104411467116279e+03 2.000000000000000042e-03
1.010763513149022174e+03 2.000000000000000042e-03
1.010422844624199570e+03 2.000000000000000042e-03
1.010082405660377276e+03 2.000000000000000042e-03
1.009742196025597877e+03 2.000000000000000042e-03
1.009402215488215461e+03 2.000000000000000042e-03
1.009062463816896525e+03 2.000000000000000042e-03
1.008722940780619069e+03 2.000000000000000042e-03
1.008383646148671232e+03 2.000000000000000042e-03
1.008044579690652313e+03 2.000000000000000042e-03
1.007705741176470497e+03 2.000000000000000042e-03
1.007367130376343994e+03 2.000000000000000042e-03
1.007028747060799446e+03 2.000000000000000042e-03
1.006690591000671475e+03 2.000000000000000042e-03
1.006352661967103131e+03 2.000000000000000042e-03
1.006014959731543627e+03 2.000000000000000042e-03
1.005677484065749582e+03 2.000000000000000042e-03
1.005340234741784002e+03 2.000000000000000042e-03
1.005003211532014689e+03 2.000000000000000042e-03
1.004666414209115260e+03 2.000000000000000042e-03
1.004329842546063560e+03 3.000000000000000062e-03
1.003993496316141886e+03 3.000000000000000062e-03
1.003657375292936081e+03 3.000000000000000062e-03
1.003321479250334619e+03 3.000000000000000062e-03
1.002985807962529293e+03 3.000000000000000062e-03
1.002650361204013279e+03 3.000000000000000062e-03
1.002315138749581934e+03 3.000000000000000062e-03
1.001980140374331540e+03 3.000000000000000062e-03
1.001645365853658404e+03 3.000000000000000062e-03
1.001310814963259872e+03 3.000000000000000062e-03
1.000976487479131833e+03 3.000000000000000062e-03
1.000642383177569968e+03 3.000000000000000062e-03
1.000308501835168499e+03 3.000000000000000062e-03
9.999748432288191680e+02 3.000000000000000062e-03
9.996414071357119155e+02 3.000000000000000062e-03
9.993081933333332927e+02 3.000000000000000062e-03
9.989752015994666863e+02 3.000000000000000062e-03
9.986424317121918648e+02 3.000000000000000062e-03
9.983098834498833867e+02 3.000000000000000062e-03
9.979775565912117372e+02 3.000000000000000062e-03
9.976454509151413959e+02 3.000000000000000062e-03
9.973135662009312910e+02 3.000000000000000062e-03
9.969819022281343450e+02 3.000000000000000062e-03
9.966504587765956558e+02 3.000000000000000062e-03
9.963192356264539740e+02 3.000000000000000062e-03
9.959882325581394298e+02 3.000000000000000062e-03
9.956574493523744422e+02 4.000000000000000083e-03
9.953268857901725823e+02 4.000000000000000083e-03
9.949965416528376636e+02 4.000000000000000083e-03
9.946664167219641968e+02 4.000000000000000083e-03
9.943365107794361393e+02 4.000000000000000083e-03
9.940068236074268953e+02 4.000000000000000083e-03
9.936773549883990881e+02 4.000000000000000083e-03
9.933481047051026280e+02 4.000000000000000083e-03
9.930190725405764169e+02 4.000000000000000083e-03
9.926902582781456204e+02 4.000000000000000083e-03
9.923616617014232588e+02 4.000000000000000083e-03
9.920332825943083890e+02 4.000000000000000083e-03
9.917051207409856488e+02 4.000000000000000083e-03
9.913771759259259397e+02 4.000000000000000083e-03
9.910494479338842666e+02 4.000000000000000083e-03
9.907219365499007608e+02 4.000000000000000083e-03
9.903946415592996573e+02 4.000000000000000083e-03
9.900675627476881573e+02 4.000000000000000083e-03
9.897406999009574520e+02 4.000000000000000083e-03
9.894140528052804484e+02 5.000000000000000104e-03
9.890876212471130202e+02 5.000000000000000104e-03
9.887614050131926433e+02 5.000000000000000104e-03
9.884354038905373727e+02 5.000000000000000104e-03
9.881096176664469795e+02 5.000000000000000104e-03
9.877840461285007905e+02 5.000000000000000104e-03
9.874586890645584845e+02 5.000000000000000104e-03
9.871335462627592960e+02 5.000000000000000104e-03
9.868086175115206515e+02 5.000000000000000104e-03
9.864839025995393058e+02 5.000000000000000104e-03
9.861594013157894096e+02 5.000000000000000104e-03
9.858351134495230781e+02 5.000000000000000104e-03
9.855110387902695948e+02 5.000000000000000104e-03
9.851871771278342749e+02 5.000000000000000104e-03
9.848635282522996022e+02 5.000000000000000104e-03
9.845400919540229552e+02 5.000000000000000104e-03
9.842168680236374030e+02 5.000000000000000104e-03
9.838938562520511368e+02 5.000000000000000104e-03
9.835710564304461059e+02 5.000000000000000104e-03
9.832484683502788130e+02 6.000000000000000125e-03
9.829260918032786094e+02 6.000000000000000125e-03
9.826039265814486043e+02 6.000000000000000125e-03
9.822819724770641869e+02 6.000000000000000125e-03
9.819602292826726853e+02 6.000000000000000125e-03
9.816386967910937074e+02 6.000000000000000125e-03
9.813173747954173223e+02 6.000000000000000125e-03
9.809962630890050832e+02 6.000000000000000125e-03
9.806753614654890043e+02 6.000000000000000125e-03
9.803546697187703103e+02 6.000000000000000125e-03
9.800341876430205730e+02 6.000000000000000125e-03
9.797139150326796653e+02 6.000000000000000125e-03
9.793938516824565568e+02 7.000000000000000146e-03
9.790739973873285180e+02 7.000000000000000146e-03
9.787543519425398699e+02 7.000000000000000146e-03
9.784349151436031207e+02 7.000000000000000146e-03
9.781156867862968056e+02 7.000000000000000146e-03
9.777966666666665105e+02 7.000000000000000146e-03
9.774778545810237347e+02 7.000000000000000146e-03
9.771592503259452087e+02 7.000000000000000146e-03
9.768408536982731221e+02 7.000000000000000146e-03
9.765226644951139860e+02 7.000000000000000146e-03
9.762046825138389750e+02 8.000000000000000167e-03
9.758869075520833576e+02 8.000000000000000167e-03
9.755693394077447920e+02 8.000000000000000167e-03
9.752519778789850307e+02 8.000000000000000167e-03
9.749348227642276470e+02 8.000000000000000167e-03
9.746178738621584898e+02 8.000000000000000167e-03
9.743011309717256836e+02 8.000000000000000167e-03
9.739845938921376955e+02 8.000000000000000167e-03
9.736682624228645864e+02 8.000000000000000167e-03
9.733521363636363048e+02 8.000000000000000167e-03
9.730362155144432563e+02 8.999999999999999320e-03
9.727204996755353932e+02 8.999999999999999320e-03
9.724049886474213054e+02 8.999999999999999320e-03
9.720896822308690162e+02 8.999999999999999320e-03
9.717745802269042770e+02 8.999999999999999320e-03
9.714596824368112493e+02 8.999999999999999320e-03
9.711449886621314818e+02 8.999999999999999320e-03
9.708304987046631140e+02 8.999999999999999320e-03
9.705162123664616729e+02 8.999999999999999320e-03
9.702021294498381394e+02 1.000000000000000021e-02
9.698882497573599721e+02 1.000000000000000021e-02
9.695745730918499703e+02 1.000000000000000021e-02
9.692610992563852506e+02 1.000000000000000021e-02
9.689478280542986113e+02 1.000000000000000021e-02
9.686347592891760314e+02 1.099999999999999936e-02
9.683218927648578074e+02 1.099999999999999936e-02
9.680092282854375298e+02 1.099999999999999936e-02
9.676967656552614017e+02 1.099999999999999936e-02
9.673845046789286926e+02 1.099999999999999936e-02
9.670724451612902612e+02 1.099999999999999936e-02
9.667605869074491238e+02 1.200000000000000025e-02
9.664489297227595443e+02 1.200000000000000025e-02
9.661374734128262389e+02 1.200000000000000025e-02
9.658262177835051716e+02 1.200000000000000025e-02
9.655151626409017354e+02 1.200000000000000025e-02
9.652043077913714342e+02 1.200000000000000025e-02
9.648936530415190873e+02 1.299999999999999940e-02
9.645831981981981471e+02 1.299999999999999940e-02
9.642729430685108127e+02 1.299999999999999940e-02
9.639628874598070070e+02 1.299999999999999940e-02
9.636530311796848309e+02 1.299999999999999940e-02
9.633433740359896547e+02 1.299999999999999940e-02
9.630339158368133212e+02 1.400000000000000029e-02
9.627246563904946015e+02 1.400000000000000029e-02
9.624155955056179437e+02 1.400000000000000029e-02
9.621067329910140415e+02 1.400000000000000029e-02
9.617980686557586978e+02 1.400000000000000029e-02
9.614896023091724828e+02 1.400000000000000029e-02
9.611813337608208485e+02 1.400000000000000029e-02
9.608732628205127639e+02 1.499999999999999944e-02
9.605653892983017386e+02 1.499999999999999944e-02
9.602577130044843443e+02 1.499999999999999944e-02
9.599502337495996471e+02 1.499999999999999944e-02
9.596429513444302302e+02 1.499999999999999944e-02
9.593358655999999201e+02 1.600000000000000033e-02
9.590289763275750374e+02 1.600000000000000033e-02
9.587222833386632601e+02 1.600000000000000033e-02
9.584157864450127136e+02 1.600000000000000033e-02
9.581094854586129941e+02 1.600000000000000033e-02
9.578033801916932362e+02 1.600000000000000033e-02
9.574974704567230219e+02 1.700000000000000122e-02
9.571917560664112443e+02 1.700000000000000122e-02
9.568862368337056523e+02 1.700000000000000122e-02
9.565809125717933057e+02 1.700000000000000122e-02
9.562757830940988697e+02 1.700000000000000122e-02
9.559708482142856383e+02 1.799999999999999864e-02
9.556661077462543972e+02 1.799999999999999864e-02
9.553615615041426281e+02 1.799999999999999864e-02
9.550572093023256457e+02 1.899999999999999953e-02
9.547530509554139826e+02 1.899999999999999953e-02
9.544490862782552085e+02 1.899999999999999953e-02
9.541453150859325660e+02 2.000000000000000042e-02
9.538417371937638336e+02 2.000000000000000042e-02
9.535383524173028036e+02 2.000000000000000042e-02
9.532351605723370085e+02 2.000000000000000042e-02
9.529321614748886304e+02 2.100000000000000130e-02
9.526293549412138191e+02 2.100000000000000130e-02
9.523267407878016684e+02 2.100000000000000130e-02
9.520243188313750125e+02 2.199999999999999872e-02
9.517220888888888339e+02 2.199999999999999872e-02
9.514200507775308324e+02 2.199999999999999872e-02
9.511182043147207423e+02 2.299999999999999961e-02
9.508165493181096508e+02 2.299999999999999961e-02
9.505150856055802251e+02 2.299999999999999961e-02
9.502138129952455756e+02 2.400000000000000050e-02
9.499127313054498245e+02 2.400000000000000050e-02
9.496118403547671960e+02 2.400000000000000050e-02
9.493111399620012207e+02 2.500000000000000139e-02
9.490106299461855315e+02 2.500000000000000139e-02
9.487103101265822716e+02 2.500000000000000139e-02
9.484101803226825496e+02 2.599999999999999881e-02
9.481102403542062120e+02 2.599999999999999881e-02
9.478104900411001381e+02 2.599999999999999881e-02
9.475109292035398312e+02 2.699999999999999969e-02
9.472115576619272588e+02 2.699999999999999969e-02
9.469123752368918758e+02 2.699999999999999969e-02
9.466133817492894877e+02 2.800000000000000058e-02
9.463145770202019094e+02 2.800000000000000058e-02
9.460159608709371923e+02 2.900000000000000147e-02
9.457175331230283746e+02 2.900000000000000147e-02
9.454192935982338213e+02 2.999999999999999889e-02
9.451212421185372250e+02 2.999999999999999889e-02
9.448233785061455592e+02 2.999999999999999889e-02
9.445257025834908973e+02 3.099999999999999978e-02
9.442282141732282525e+02 3.099999999999999978e-02
9.439309130982367151e+02 3.200000000000000067e-02
9.436337991816178601e+02 3.200000000000000067e-02
9.433368722466959753e+02 3.300000000000000155e-02
9.430401321170179472e+02 3.300000000000000155e-02
9.427435786163521243e+02 3.300000000000000155e-02
9.424472115686889993e+02 3.400000000000000244e-02
9.421510307982400718e+02 3.400000000000000244e-02
9.418550361294375080e+02 3.500000000000000333e-02
9.415592273869347082e+02 3.599999999999999728e-02
9.412636043956043750e+02 3.599999999999999728e-02
9.409681669805397632e+02 3.699999999999999817e-02
9.406729149670536572e+02 3.699999999999999817e-02
9.403778481806774607e+02 3.799999999999999906e-02
9.400829664471621072e+02 3.899999999999999994e-02
9.397882695924764676e+02 3.899999999999999994e-02
9.394937574428078051e+02 4.000000000000000083e-02
9.391994298245614345e+02 4.000000000000000083e-02
9.389052865643594714e+02 4.100000000000000172e-02
9.386113274890419689e+02 4.200000000000000261e-02
9.383175524256650988e+02 4.200000000000000261e-02
9.380239612015017201e+02 4.299999999999999656e-02
9.377305536440412652e+02 4.299999999999999656e-02
9.374373295809880346e+02 4.399999999999999745e-02
9.371442888402625613e+02 4.399999999999999745e-02
9.368514312499999050e+02 4.499999999999999833e-02
9.365587566385503351e+02 4.599999999999999922e-02
9.362662648344784202e+02 4.599999999999999922e-02
9.359739556665624605e+02 4.700000000000000011e-02
9.356818289637952830e+02 4.700000000000000011e-02
9.353898845553821957e+02 4.800000000000000100e-02
9.350981222707422376e+02 4.800000000000000100e-02
9.348065419395072695e+02 4.900000000000000189e-02
9.345151433915210646e+02 4.900000000000000189e-02
9.342239264568401040e+02 5.000000000000000278e-02
9.339328909657319855e+02 5.000000000000000278e-02
9.336420367486763325e+02 5.099999999999999672e-02
9.333513636363636579e+02 5.199999999999999761e-02
9.330608714596949085e+02 5.199999999999999761e-02
9.327705600497822616e+02 5.299999999999999850e-02
9.324804292379470780e+02 5.399999999999999939e-02
9.321904788557212669e+02 5.500000000000000028e-02
9.319007087348461482e+02 5.500000000000000028e-02
9.316111187072715438e+02 5.600000000000000117e-02
9.313217086051569140e+02 5.700000000000000205e-02
9.310324782608695386e+02 5.800000000000000294e-02
9.307434275069853129e+02 5.899999999999999689e-02
9.304545561762879515e+02 5.899999999999999689e-02
9.301658641017684204e+02 5.999999999999999778e-02
9.298773511166252774e+02 6.099999999999999867e-02
9.295890170542635360e+02 6.199999999999999956e-02
9.293008617482950058e+02 6.199999999999999956e-02
9.290128850325379517e+02 6.300000000000000044e-02
9.287250867410160708e+02 6.400000000000000133e-02
9.284374667079591745e+02 6.500000000000000222e-02
9.281500247678018241e+02 6.700000000000000400e-02
9.278627607551840129e+02 6.800000000000000488e-02
9.275756745049504843e+02 6.900000000000000577e-02
9.272887658521495950e+02 7.000000000000000666e-02
9.270020346320346789e+02 7.099999999999999367e-02
9.267154806800617735e+02 7.199999999999999456e-02
9.264291038318910978e+02 7.299999999999999545e-02
9.261429039233858020e+02 7.399999999999999634e-02
9.258568807906113989e+02 7.499999999999999722e-02
9.255710342698363320e+02 7.599999999999999811e-02
9.252853641975308392e+02 7.699999999999999900e-02
9.249998704103670661e+02 7.799999999999999989e-02
9.247145527452189526e+02 7.900000000000000078e-02
9.244294110391612094e+02 8.100000000000000255e-02
9.241444451294697728e+02 8.200000000000000344e-02
9.238596548536208957e+02 8.300000000000000433e-02
9.235750400492913741e+02 8.500000000000000611e-02
9.232906005543578658e+02 8.599999999999999312e-02
9.230063362068964352e+02 8.699999999999999400e-02
9.227222468451831219e+02 8.799999999999999489e-02
9.224383323076922352e+02 8.999999999999999667e-02
9.221545924330973776e+02 9.099999999999999756e-02
9.218710270602705350e+02 9.199999999999999845e-02
9.215876360282815085e+02 9.299999999999999933e-02
9.213044191763982553e+02 9.500000000000000111e-02
9.210213763440859793e+02 9.600000000000000200e-02
9.207385073710072447e+02 9.700000000000000289e-02
9.204558120970217487e+02 9.800000000000000377e-02
9.201732903621852984e+02 1.000000000000000056e-01
9.198909420067506062e+02 1.019999999999999934e-01
9.196087668711655851e+02 1.039999999999999952e-01
9.193267647960747126e+02 1.049999999999999961e-01
9.190449356223175528e+02 1.069999999999999979e-01
9.187632791909285288e+02 1.089999999999999997e-01
9.184817953431372644e+02 1.110000000000000014e-01
9.182004839203674464e+02 1.130000000000000032e-01
9.179193447642375077e+02 1.140000000000000041e-01
9.176383777165594893e+02 1.160000000000000059e-01
9.173575826193389275e+02 1.179999999999999938e-01
9.170769593147751948e+02 1.199999999999999956e-01
9.167965076452599078e+02 1.219999999999999973e-01
9.165162274533780646e+02 1.229999999999999982e-01
9.162361185819070215e+02 1.250000000000000000e-01
9.159561808738160380e+02 1.270000000000000018e-01
9.156764141722663908e+02 1.290000000000000036e-01
9.153968183206106914e+02 1.300000000000000044e-01
9.151173931623930002e+02 1.320000000000000062e-01
9.148381385413488260e+02 1.340000000000000080e-01
9.145590543014031937e+02 1.360000000000000098e-01
9.142801402866728040e+02 1.370000000000000107e-01
9.140013963414634190e+02 1.390000000000000124e-01
9.137228223102711127e+02 1.409999999999999865e-01
9.134444180377818157e+02 1.419999999999999873e-01
9.131661833688698380e+02 1.439999999999999891e-01
9.128881181485992329e+02 1.459999999999999909e-01
9.126102222222222053e+02 1.479999999999999927e-01
9.123324954351794531e+02 1.489999999999999936e-01
9.120549376331000531e+02 1.509999999999999953e-01
9.117775486618004379e+02 1.529999999999999971e-01
9.115003283672848511e+02 1.549999999999999989e-01
9.112232765957446645e+02 1.570000000000000007e-01
9.109463931935580376e+02 1.600000000000000033e-01
9.106696780072903721e+02 1.620000000000000051e-01
9.103931308836926064e+02 1.640000000000000069e-01
9.101167516697024666e+02 1.660000000000000087e-01
9.098405402124431021e+02 1.680000000000000104e-01
9.095644963592231989e+02 1.700000000000000122e-01
9.092886199575370938e+02 1.719999999999999862e-01
9.090129108550636374e+02 1.749999999999999889e-01
9.087373688996665351e+02 1.769999999999999907e-01
9.084619939393938921e+02 1.789999999999999925e-01
9.081867858224778729e+02 1.809999999999999942e-01
9.079117443973349282e+02 1.829999999999999960e-01
9.076368695125642034e+02 1.859999999999999987e-01
9.073621610169491305e+02 1.890000000000000013e-01
9.070876187594552675e+02 1.920000000000000040e-01
9.068132425892315496e+02 1.950000000000000067e-01
9.065390323556092653e+02 1.970000000000000084e-01
9.062649879081014888e+02 2.000000000000000111e-01
9.059911090964037612e+02 2.030000000000000138e-01
9.057173957703927272e+02 2.059999999999999887e-01
9.054438477801267027e+02 2.089999999999999913e-01
9.051704649758454480e+02 2.119999999999999940e-01
9.048972472079685758e+02 2.149999999999999967e-01
9.046241943270971433e+02 2.179999999999999993e-01
9.043513061840120599e+02 2.210000000000000020e-01
9.040785826296742016e+02 2.240000000000000047e-01
9.038060235152246378e+02 2.270000000000000073e-01
9.035336286919830400e+02 2.300000000000000100e-01
9.032613980114492733e+02 2.330000000000000127e-01
9.029893313253011229e+02 2.349999999999999867e-01
9.027174284853958852e+02 2.379999999999999893e-01
9.024456893437687768e+02 2.409999999999999920e-01
9.021741137526330476e+02 2.439999999999999947e-01
9.019027015643803225e+02 2.459999999999999964e-01
9.016314526315788953e+02 2.489999999999999991e-01
9.013603668069752075e+02 2.520000000000000018e-01
9.010894439434925971e+02 2.550000000000000044e-01
9.008186838942307304e+02 2.570000000000000062e-01
9.005480865124661705e+02 2.600000000000000089e-01
9.002776516516515812e+02 2.630000000000000115e-01
9.000073791654157276e+02 2.660000000000000142e-01
8.997372689075630205e+02 2.690000000000000169e-01
8.994673207320731763e+02 2.710000000000000187e-01
8.991975344931014433e+02 2.740000000000000213e-01
8.989279100449774660e+02 2.760000000000000231e-01
8.986584472422060799e+02 2.780000000000000249e-01
8.983891459394665162e+02 2.810000000000000275e-01
8.981200059916117198e+02 2.829999999999999738e-01
8.978510272536688035e+02 2.849999999999999756e-01
8.975822095808382528e+02 2.879999999999999782e-01
8.973135528284943803e+02 2.899999999999999800e-01
8.970450568521843024e+02 2.919999999999999818e-01
8.967767215076278262e+02 2.939999999999999836e-01
8.965085466507176761e+02 2.969999999999999862e-01
8.962405321375185849e+02 2.989999999999999880e-01
8.959726778242676346e+02 3.009999999999999898e-01
8.957049835673738016e+02 3.039999999999999925e-01
8.954374492234169338e+02 3.059999999999999942e-01
8.951700746491490008e+02 3.079999999999999960e-01
8.949028597014925026e+02 3.099999999999999978e-01
8.946358042375409241e+02 3.119999999999999996e-01
8.943689081145585078e+02 3.140000000000000013e-01
8.941021711899790034e+02 3.160000000000000031e-01
8.938355933214072593e+02 3.180000000000000049e-01
8.935691743666169486e+02 3.200000000000000067e-01
8.933029141835517066e+02 3.220000000000000084e-01
8.930368126303246754e+02 3.240000000000000102e-01
8.927708695652173674e+02 3.260000000000000120e-01
8.925050848466805746e+02 3.280000000000000138e-01
8.922394583333332321e+02 3.300000000000000155e-01
8.919739898839629859e+02 3.320000000000000173e-01
8.917086793575252841e+02 3.340000000000000191e-01
8.914435266131429216e+02 3.360000000000000209e-01
8.911785315101070637e+02 3.380000000000000226e-01
8.909136939078750856e+02 3.410000000000000253e-01
8.906490136660723920e+02 3.430000000000000271e-01
8.903844906444905973e+02 3.449999999999999734e-01
8.901201247030877539e+02 3.479999999999999760e-01
8.898559157019886925e+02 3.499999999999999778e-01
8.895918635014836582e+02 3.519999999999999796e-01
8.893279679620289926e+02 3.549999999999999822e-01
8.890642289442466790e+02 3.569999999999999840e-01
8.888006463089237741e+02 3.589999999999999858e-01
8.885372199170124077e+02 3.619999999999999885e-01
8.882739496296295556e+02 3.639999999999999902e-01
8.880108353080568122e+02 3.659999999999999920e-01
8.877478768137399356e+02 3.689999999999999947e-01
8.874850740082888478e+02 3.709999999999999964e-01
8.872224267534774071e+02 3.729999999999999982e-01
8.869599349112426125e+02 3.750000000000000000e-01
8.866975983436851720e+02 3.770000000000000018e-01
8.864354169130691616e+02 3.790000000000000036e-01
8.861733904818207748e+02 3.810000000000000053e-01
8.859115189125295728e+02 3.830000000000000071e-01
8.856498020679467800e+02 3.840000000000000080e-01
8.853882398109863061e+02 3.860000000000000098e-01
8.851268320047239513e+02 3.880000000000000115e-01
8.848655785123966098e+02 3.900000000000000133e-01
8.846044791974034069e+02 3.920000000000000151e-01
8.843435339233037666e+02 3.940000000000000169e-01
8.840827425538187754e+02 3.960000000000000187e-01
8.838221049528301592e+02 3.970000000000000195e-01
8.835616209843794877e+02 3.990000000000000213e-01
8.833012905126694250e+02 4.010000000000000231e-01
8.830411134020617965e+02 4.020000000000000240e-01
8.827810895170788399e+02 4.030000000000000249e-01
8.825212187224020681e+02 4.040000000000000258e-01
8.822615008828721557e+02 4.060000000000000275e-01
8.820019358634892797e+02 4.069999999999999729e-01
8.817425235294117556e+02 4.079999999999999738e-01
8.814832637459569469e+02 4.089999999999999747e-01
8.812241563786008101e+02 4.099999999999999756e-01
8.809652012929767579e+02 4.109999999999999765e-01
8.807063983548766828e+02 4.119999999999999774e-01
8.804477474302495921e+02 4.129999999999999782e-01
8.801892483852025180e+02 4.149999999999999800e-01
8.799309010859993805e+02 4.159999999999999809e-01
8.796727053990609875e+02 4.169999999999999818e-01
8.794146611909651483e+02 4.179999999999999827e-01
8.791567683284456507e+02 4.189999999999999836e-01
8.788990266783932839e+02 4.199999999999999845e-01
8.786414361078545880e+02 4.209999999999999853e-01
8.783839964840315133e+02 4.219999999999999862e-01
8.781267076742823292e+02 4.229999999999999871e-01
8.778695695461200330e+02 4.239999999999999880e-01
8.776125819672130319e+02 4.249999999999999889e-01
8.773557448053848020e+02 4.259999999999999898e-01
8.770990579286130924e+02 4.269999999999999907e-01
8.768425212050307209e+02 4.279999999999999916e-01
8.765861345029239828e+02 4.289999999999999925e-01
8.763298976907335600e+02 4.299999999999999933e-01
8.760738106370542937e+02 4.309999999999999942e-01
8.758178732106338202e+02 4.319999999999999951e-01
8.755620852803738217e+02 4.329999999999999960e-01
8.753064467153284340e+02 4.339999999999999969e-01
8.750509573847050433e+02 4.339999999999999969e-01
8.747956171578640578e+02 4.349999999999999978e-01
8.745404259043173170e+02 4.349999999999999978e-01
8.742853834937299098e+02 4.349999999999999978e-01
8.740304897959183563e+02 4.359999999999999987e-01
8.737757446808509485e+02 4.359999999999999987e-01
8.735211480186479776e+02 4.359999999999999987e-01
8.732666996795804835e+02 4.369999999999999996e-01
8.730123995340710508e+02 4.369999999999999996e-01
8.727582474526927854e+02 4.369999999999999996e-01
8.725042433061698830e+02 4.380000000000000004e-01
8.722503869653767197e+02 4.380000000000000004e-01
8.719966783013379654e+02 4.380000000000000004e-01
8.717431171852282432e+02 4.390000000000000013e-01
8.714897034883720153e+02 4.390000000000000013e-01
8.712364370822434694e+02 4.400000000000000022e-01
8.709833178384659504e+02 4.400000000000000022e-01
8.707303456288119605e+02 4.410000000000000031e-01
8.704775203252032725e+02 4.410000000000000031e-01
8.702248417997096794e+02 4.420000000000000040e-01
8.699723099245501317e+02 4.420000000000000040e-01
8.697199245720917133e+02 4.430000000000000049e-01
8.694676856148490742e+02 4.430000000000000049e-01
8.692155929254856801e+02 4.440000000000000058e-01
8.689636463768115391e+02 4.440000000000000058e-01
8.687118458417849070e+02 4.450000000000000067e-01
8.684601911935110365e+02 4.450000000000000067e-01
8.682086823052417230e+02 4.460000000000000075e-01
8.679573190503764408e+02 4.470000000000000084e-01
8.677061013024601834e+02 4.470000000000000084e-01
8.674550289351850552e+02 4.470000000000000084e-01
8.672041018223893616e+02 4.470000000000000084e-01
8.669533198380565864e+02 4.470000000000000084e-01
8.667026828563168692e+02 4.470000000000000084e-01
8.664521907514450731e+02 4.470000000000000084e-01
8.662018433978618077e+02 4.470000000000000084e-01
8.659516406701328606e+02 4.470000000000000084e-01
8.657015824429684017e+02 4.470000000000000084e-01
8.654516685912240064e+02 4.470000000000000084e-01
8.652018989898989503e+02 4.470000000000000084e-01
8.649522735141372323e+02 4.470000000000000084e-01
8.647027920392270062e+02 4.470000000000000084e-01
8.644534544405996712e+02 4.470000000000000084e-01
8.642042605938311226e+02 4.470000000000000084e-01
8.639552103746397052e+02 4.470000000000000084e-01
8.637063036588878049e+02 4.470000000000000084e-01
8.634575403225805985e+02 4.470000000000000084e-01
8.632089202418657123e+02 4.470000000000000084e-01
8.629604432930340181e+02 4.470000000000000084e-01
8.627121093525179276e+02 4.460000000000000075e-01
8.624639182968928708e+02 4.460000000000000075e-01
8.622158700028760450e+02 4.460000000000000075e-01
8.619679643473259603e+02 4.460000000000000075e-01
8.617202012072434627e+02 4.460000000000000075e-01
8.614725804597700289e+02 4.450000000000000067e-01
8.612251019821889031e+02 4.450000000000000067e-01
8.609777656519241873e+02 4.450000000000000067e-01
8.607305713465402732e+02 4.450000000000000067e-01
8.604835189437428653e+02 4.440000000000000058e-01
8.602366083213772754e+02 4.440000000000000058e-01
8.599898393574296733e+02 4.450000000000000067e-01
8.597432119300258364e+02 4.460000000000000075e-01
8.594967259174311494e+02 4.460000000000000075e-01
8.592503811980510591e+02 4.470000000000000084e-01
8.590041776504297104e+02 4.480000000000000093e-01
8.587581151532510830e+02 4.480000000000000093e-01
8.585121935853378545e+02 4.490000000000000102e-01
8.582664128256511731e+02 4.500000000000000111e-01
8.580207727532913395e+02 4.500000000000000111e-01
8.577752732474963295e+02 4.510000000000000120e-01
8.575299141876429303e+02 4.520000000000000129e-01
8.572846954532456039e+02 4.520000000000000129e-01
8.570396169239564870e+02 4.530000000000000138e-01
8.567946784795656185e+02 4.540000000000000147e-01
8.565498799999999164e+02 4.540000000000000147e-01
8.563052213653240869e+02 4.550000000000000155e-01
8.560607024557396016e+02 4.550000000000000155e-01
8.558163231515842426e+02 4.550000000000000155e-01
8.555720833333333530e+02 4.550000000000000155e-01
8.553279828815976771e+02 4.550000000000000155e-01
8.550840216771248379e+02 4.550000000000000155e-01
8.548401996007984280e+02 4.550000000000000155e-01
8.545965165336373275e+02 4.550000000000000155e-01
8.543529723567968404e+02 4.550000000000000155e-01
8.541095669515668760e+02 4.550000000000000155e-01
8.538663001993733133e+02 4.550000000000000155e-01
8.536231719817767498e+02 4.550000000000000155e-01
8.533801821804725023e+02 4.550000000000000155e-01
8.531373306772908336e+02 4.540000000000000147e-01
8.528946173541962708e+02 4.540000000000000147e-01
8.526520420932877187e+02 4.540000000000000147e-01
8.524096047767983464e+02 4.540000000000000147e-01
8.521673052870949050e+02 4.540000000000000147e-01
8.519251435066780687e+02 4.540000000000000147e-01
8.516831193181817525e+02 4.540000000000000147e-01
8.514412326043736812e+02 4.530000000000000138e-01
8.511994832481544790e+02 4.530000000000000138e-01
8.509578711325574432e+02 4.530000000000000138e-01
8.507163961407491115e+02 4.530000000000000138e-01
8.504750581560283536e+02 4.520000000000000129e-01
8.502338570618263702e+02 4.520000000000000129e-01
8.499927927417068076e+02 4.520000000000000129e-01
8.497518650793649613e+02 4.520000000000000129e-01
8.495110739586285717e+02 4.520000000000000129e-01
8.492704192634560059e+02 4.510000000000000120e-01
8.490299008779381893e+02 4.510000000000000120e-01
8.487895186862966739e+02 4.510000000000000120e-01
8.485492725728842061e+02 4.520000000000000129e-01
8.483091624221844995e+02 4.520000000000000129e-01
8.480691881188117804e+02 4.520000000000000129e-01
8.478293495475112422e+02 4.520000000000000129e-01
8.475896465931580224e+02 4.520000000000000129e-01
8.473500791407574297e+02 4.520000000000000129e-01
8.471106470754450584e+02 4.530000000000000138e-01
8.468713502824858779e+02 4.530000000000000138e-01
8.466321886472746883e+02 4.530000000000000138e-01
8.463931620553360062e+02 4.530000000000000138e-01
8.461542703923228146e+02 4.530000000000000138e-01
8.459155135440180402e+02 4.530000000000000138e-01
8.456768913963328487e+02 4.540000000000000147e-01
8.454384038353073265e+02 4.540000000000000147e-01
8.452000507471102537e+02 4.540000000000000147e-01
8.449618320180383080e+02 4.540000000000000147e-01
8.447237475345167468e+02 4.540000000000000147e-01
8.444857971830984980e+02 4.540000000000000147e-01
8.442479808504646144e+02 4.550000000000000155e-01
8.440102984234233645e+02 4.550000000000000155e-01
8.437727497889106871e+02 4.550000000000000155e-01
8.435353348339898503e+02 4.550000000000000155e-01
8.432980534458508828e+02 4.550000000000000155e-01
8.430609055118109154e+02 4.550000000000000155e-01
8.428238909193140671e+02 4.560000000000000164e-01
8.425870095559301944e+02 4.560000000000000164e-01
8.423502613093565969e+02 4.560000000000000164e-01
8.421136460674156297e+02 4.560000000000000164e-01
8.418771637180566358e+02 4.560000000000000164e-01
8.416408141493542416e+02 4.560000000000000164e-01
8.414045972495088108e+02 4.550000000000000155e-01
8.411685129068462174e+02 4.540000000000000147e-01
8.409325610098176185e+02 4.540000000000000147e-01
8.406967414469993400e+02 4.530000000000000138e-01
8.404610541070927638e+02 4.520000000000000129e-01
8.402254988789236450e+02 4.520000000000000129e-01
8.399900756514430213e+02 4.510000000000000120e-01
8.397547843137253949e+02 4.500000000000000111e-01
8.395196247549705504e+02 4.500000000000000111e-01
8.392845968645016228e+02 4.490000000000000102e-01
8.390497005317660069e+02 4.480000000000000093e-01
8.388149356463346749e+02 4.480000000000000093e-01
8.385803020979020630e+02 4.470000000000000084e-01
8.383457997762862988e+02 4.460000000000000075e-01
8.381114285714285188e+02 4.450000000000000067e-01
8.378771883733928689e+02 4.430000000000000049e-01
8.376430790723666178e+02 4.410000000000000031e-01
8.374091005586591336e+02 4.390000000000000013e-01
8.371752527227030214e+02 4.359999999999999987e-01
8.369415354550529855e+02 4.339999999999999969e-01
8.367079486463856028e+02 4.319999999999999951e-01
8.364744921875000045e+02 4.299999999999999933e-01
8.362411659693165120e+02 4.279999999999999916e-01
8.360079698828777737e+02 4.259999999999999898e-01
8.357749038193476281e+02 4.239999999999999880e-01
8.355419676700111040e+02 4.219999999999999862e-01
8.353091613262747614e+02 4.199999999999999845e-01
8.350764846796656684e+02 4.179999999999999827e-01
8.348439376218323105e+02 4.169999999999999818e-01
8.346115200445434539e+02 4.149999999999999800e-01
8.343792318396882592e+02 4.119999999999999774e-01
8.341470728992766226e+02 4.099999999999999756e-01
8.339150431154380385e+02 4.079999999999999738e-01
8.336831423804226233e+02 4.060000000000000275e-01
8.334513705865999782e+02 4.040000000000000258e-01
8.332197276264590755e+02 4.020000000000000240e-01
8.329882133926090546e+02 4.000000000000000222e-01
8.327568277777777439e+02 3.990000000000000213e-01
8.325255706748124567e+02 3.970000000000000195e-01
8.322944419766796500e+02 3.950000000000000178e-01
8.320634415764640153e+02 3.930000000000000160e-01
8.318325693673696151e+02 3.910000000000000142e-01
8.316018252427184052e+02 3.890000000000000124e-01
8.313712090959511443e+02 3.870000000000000107e-01
8.311407208206265977e+02 3.850000000000000089e-01
8.309103603104211970e+02 3.820000000000000062e-01
8.306801274591299489e+02 3.790000000000000036e-01
8.304500221606647301e+02 3.760000000000000009e-01
8.302200443090555382e+02 3.729999999999999982e-01
8.299901937984495817e+02 3.709999999999999964e-01
8.297604705231109392e+02 3.679999999999999938e-01
8.295308743774211280e+02 3.649999999999999911e-01
8.293014052558781941e+02 3.619999999999999885e-01
8.290720630530972812e+02 3.589999999999999858e-01
8.288428476638097209e+02 3.569999999999999840e-01
8.286137589828633736e+02 3.539999999999999813e-01
8.283847969052224016e+02 3.509999999999999787e-01
8.281559613259668140e+02 3.489999999999999769e-01
8.279272521402926941e+02 3.459999999999999742e-01
8.276986692435118584e+02 3.430000000000000271e-01
8.274702125310515157e+02 3.400000000000000244e-01
8.272418818984547215e+02 3.370000000000000218e-01
8.270136772413792414e+02 3.350000000000000200e-01
8.267855984555983468e+02 3.320000000000000173e-01
8.265576454370002466e+02 3.290000000000000147e-01
8.263298180815876322e+02 3.260000000000000120e-01
8.261021162854781323e+02 3.240000000000000102e-01
8.258745399449035176e+02 3.210000000000000075e-01
8.256470889562102684e+02 3.180000000000000049e-01
8.254197632158590068e+02 3.150000000000000022e-01
8.251925626204238142e+02 3.130000000000000004e-01
8.249654870665932549e+02 3.099999999999999978e-01
8.247385364511691250e+02 3.069999999999999951e-01
8.245117106710670214e+02 3.039999999999999925e-01
8.242850096233158865e+02 3.019999999999999907e-01
8.240584332050576677e+02 2.989999999999999880e-01
8.238319813135476579e+02 2.959999999999999853e-01
8.236056538461538139e+02 2.929999999999999827e-01
8.233794507003569834e+02 2.899999999999999800e-01
8.231533717737506777e+02 2.869999999999999774e-01
8.229274169640405034e+02 2.839999999999999747e-01
8.227015861690449583e+02 2.819999999999999729e-01
8.224758792866940666e+02 2.790000000000000258e-01
8.222502962150300618e+02 2.760000000000000231e-01
8.220248368522072724e+02 2.730000000000000204e-01
8.217995010964912126e+02 2.700000000000000178e-01
8.215742888462592646e+02 2.670000000000000151e-01
8.213491999999999962e+02 2.640000000000000124e-01
8.211242344563132747e+02 2.620000000000000107e-01
8.208993921139101531e+02 2.590000000000000080e-01
8.206746728716123016e+02 2.560000000000000053e-01
8.204500766283524626e+02 2.520000000000000018e-01
8.202256032831736547e+02 2.489999999999999991e-01
8.200012527352296274e+02 2.459999999999999964e-01
8.197770248837845202e+02 2.429999999999999938e-01
8.195529196282120665e+02 2.399999999999999911e-01
8.193289368679967311e+02 2.359999999999999876e-01
8.191050765027322313e+02 2.330000000000000127e-01
8.188813384321222202e+02 2.300000000000000100e-01
8.186577225559802855e+02 2.270000000000000073e-01
8.184342287742286999e+02 2.240000000000000047e-01
8.182108569868995573e+02 2.210000000000000020e-01
8.179876070941336366e+02 2.179999999999999993e-01
8.177644789961810829e+02 2.139999999999999958e-01
8.175414725934006128e+02 2.109999999999999931e-01
8.173185877862595135e+02 2.079999999999999905e-01
8.170958244753338704e+02 2.059999999999999887e-01
8.168731825613078854e+02 2.030000000000000138e-01
8.166506619449739901e+02 2.000000000000000111e-01
8.164282625272330733e+02 1.980000000000000093e-01
8.162059842090933444e+02 1.950000000000000067e-01
8.159838268916712423e+02 1.920000000000000040e-01
8.157617904761904128e+02 1.900000000000000022e-01
8.155398748639825044e+02 1.869999999999999996e-01
8.153180799564862582e+02 1.849999999999999978e-01
8.150964056552473949e+02 1.819999999999999951e-01
8.148748518619189554e+02 1.789999999999999925e-01
8.146534184782608463e+02 1.769999999999999907e-01
8.144321054061394989e+02 1.739999999999999880e-01
8.142109125475285509e+02 1.710000000000000131e-01
8.139898398045071417e+02 1.690000000000000113e-01
8.137688870792617308e+02 1.660000000000000087e-01
8.135480542740840519e+02 1.640000000000000069e-01
8.133273412913727043e+02 1.610000000000000042e-01
8.131067480336316748e+02 1.590000000000000024e-01
8.128862744034706793e+02 1.570000000000000007e-01
8.126659203036052759e+02 1.539999999999999980e-01
8.124456856368562967e+02 1.519999999999999962e-01
8.122255703061499617e+02 1.499999999999999944e-01
8.120055742145178783e+02 1.469999999999999918e-01
8.117856972650960188e+02 1.449999999999999900e-01
8.115659393611261976e+02 1.429999999999999882e-01
8.113463004059539116e+02 1.400000000000000133e-01
8.111267803030301593e+02 1.380000000000000115e-01
8.109073789559101897e+02 1.360000000000000098e-01
8.106880962682530480e+02 1.330000000000000071e-01
8.104689321438227125e+02 1.310000000000000053e-01
8.102498864864863890e+02 1.290000000000000036e-01
8.100309592002161025e+02 1.270000000000000018e-01
8.098121501890869922e+02 1.260000000000000009e-01
8.095934593572777658e+02 1.239999999999999991e-01
8.093748866090712681e+02 1.219999999999999973e-01
8.091564318488528897e+02 1.199999999999999956e-01
8.089380949811115897e+02 1.179999999999999938e-01
8.087198759104396686e+02 1.160000000000000059e-01
8.085017745415317449e+02 1.140000000000000041e-01
8.082837907791857788e+02 1.120000000000000023e-01
8.080659245283018208e+02 1.100000000000000006e-01
8.078481756938829221e+02 1.079999999999999988e-01
8.076305441810344519e+02 1.069999999999999979e-01
8.074130298949635289e+02 1.049999999999999961e-01
8.071956327409800451e+02 1.029999999999999943e-01
8.069783526244953009e+02 1.019999999999999934e-01
8.067611894510224602e+02 1.000000000000000056e-01
8.065441431261770049e+02 9.900000000000000466e-02
8.063272135556750300e+02 9.700000000000000289e-02
8.061104006453347210e+02 9.600000000000000200e-02
8.058937043010752177e+02 9.400000000000000022e-02
8.056771244289168408e+02 9.299999999999999933e-02
8.054606609349812061e+02 9.099999999999999756e-02
8.052443137254900876e+02 8.999999999999999667e-02
8.050280827067668952e+02 8.799999999999999489e-02
8.048119677852348559e+02 8.699999999999999400e-02
8.045959688674180370e+02 8.500000000000000611e-02
8.043800858599410049e+02 8.400000000000000522e-02
8.041643186695278018e+02 8.300000000000000433e-02
8.039486672030035379e+02 8.100000000000000255e-02
8.037331313672922306e+02 8.000000000000000167e-02
8.035177110694182829e+02 7.900000000000000078e-02
8.033024062165059149e+02 7.799999999999999989e-02
8.030872167157781405e+02 7.699999999999999900e-02
8.028721424745581317e+02 7.599999999999999811e-02
8.026571834002677406e+02 7.399999999999999634e-02
8.024423394004281818e+02 7.299999999999999545e-02
8.022276103826599183e+02 7.199999999999999456e-02
8.020129962546815250e+02 7.099999999999999367e-02
8.017984969243112801e+02 7.000000000000000666e-02
8.015841122994652324e+02 6.900000000000000577e-02
8.013698422881581109e+02 6.800000000000000488e-02
8.011556867985034387e+02 6.700000000000000400e-02
8.009416457387121682e+02 6.500000000000000222e-02
8.007277190170940457e+02 6.400000000000000133e-02
8.005139065420560200e+02 6.400000000000000133e-02
8.003002082221034925e+02 6.300000000000000044e-02
8.000866239658392942e+02 6.199999999999999956e-02
7.998731536819636858e+02 6.099999999999999867e-02
7.996597972792744713e+02 5.999999999999999778e-02
7.994465546666666569e+02 5.899999999999999689e-02
7.992334257531324511e+02 5.800000000000000294e-02
7.990204104477611509e+02 5.700000000000000205e-02
7.988075086597388008e+02 5.700000000000000205e-02
7.985947202983484203e+02 5.600000000000000117e-02
7.983820452729693216e+02 5.500000000000000028e-02
7.981694834930776778e+02 5.399999999999999939e-02
7.979570348682459553e+02 5.299999999999999850e-02
7.977446993081425717e+02 5.199999999999999761e-02
7.975324767225325786e+02 5.099999999999999672e-02
7.973203670212765246e+02 5.099999999999999672e-02
7.971083701143312510e+02 5.000000000000000278e-02
7.968964859117490960e+02 4.900000000000000189e-02
7.966847143236778948e+02 4.900000000000000189e-02
7.964730552603613205e+02 4.800000000000000100e-02
7.962615086321380886e+02 4.700000000000000011e-02
7.960500743494422977e+02 4.700000000000000011e-02
7.958387523228033160e+02 4.599999999999999922e-02
7.956275424628449855e+02 4.499999999999999833e-02
7.954164446802865314e+02 4.499999999999999833e-02
7.952054588859416526e+02 4.399999999999999745e-02
7.949945849907185220e+02 4.299999999999999656e-02
7.947838229056203545e+02 4.299999999999999656e-02
7.945731725417439293e+02 4.200000000000000261e-02
7.943626338102808404e+02 4.100000000000000172e-02
7.941522066225164735e+02 4.100000000000000172e-02
7.939418908898304608e+02 4.000000000000000083e-02
7.937316865236959984e+02 4.000000000000000083e-02
7.935215934356801881e+02 3.899999999999999994e-02
7.933116115374438095e+02 3.899999999999999994e-02
7.931017407407407518e+02 3.799999999999999906e-02
7.928919809574185820e+02 3.799999999999999906e-02
7.926823320994183177e+02 3.699999999999999817e-02
7.924727940787734042e+02 3.699999999999999817e-02
7.922633668076109643e+02 3.599999999999999728e-02
7.920540501981505486e+02 3.599999999999999728e-02
7.918448441627045895e+02 3.500000000000000333e-02
7.916357486136784019e+02 3.500000000000000333e-02
7.914267634635690456e+02 3.400000000000000244e-02
7.912178886249670313e+02 3.400000000000000244e-02
7.910091240105540464e+02 3.300000000000000155e-02
7.908004695331046605e+02 3.300000000000000155e-02
7.905919251054851884e+02 3.200000000000000067e-02
7.903834906406538039e+02 3.200000000000000067e-02
7.901751660516605398e+02 3.200000000000000067e-02
7.899669512516468330e+02 3.099999999999999978e-02
7.897588461538460933e+02 3.099999999999999978e-02
7.895508506715827934e+02 2.999999999999999889e-02
7.893429647182726967e+02 2.999999999999999889e-02
7.891351882074229707e+02 2.999999999999999889e-02
7.889275210526315050e+02 2.900000000000000147e-02
7.887199631675873661e+02 2.900000000000000147e-02
7.885125144660704564e+02 2.900000000000000147e-02
7.883051748619510590e+02 2.800000000000000058e-02
7.880979442691902932e+02 2.800000000000000058e-02
7.878908226018396590e+02 2.699999999999999969e-02
7.876838097740409239e+02 2.699999999999999969e-02
7.874769057000262364e+02 2.699999999999999969e-02
7.872701102941175577e+02 2.599999999999999881e-02
7.870634234707272299e+02 2.599999999999999881e-02
7.868568451443569529e+02 2.599999999999999881e-02
7.866503752295984668e+02 2.500000000000000139e-02
7.864440136411332105e+02 2.500000000000000139e-02
7.862377602937318670e+02 2.500000000000000139e-02
7.860316151022548183e+02 2.400000000000000050e-02
7.858255779816513495e+02 2.400000000000000050e-02
7.856196488469601036e+02 2.400000000000000050e-02
7.854138276133088539e+02 2.299999999999999961e-02
7.852081141959140496e+02 2.299999999999999961e-02
7.850025085100811566e+02 2.299999999999999961e-02
7.847970104712042030e+02 2.199999999999999872e-02
7.845916199947656651e+02 2.199999999999999872e-02
7.843863369963369223e+02 2.199999999999999872e-02
7.841811613915772341e+02 2.100000000000000130e-02
7.839760930962343082e+02 2.100000000000000130e-02
7.837711320261437322e+02 2.100000000000000130e-02
7.835662780972294286e+02 2.100000000000000130e-02
7.833615312255029721e+02 2.000000000000000042e-02
7.831568913270637040e+02 2.000000000000000042e-02
7.829523583180987316e+02 2.000000000000000042e-02
7.827479321148824738e+02 2.000000000000000042e-02
7.825436126337770020e+02 1.899999999999999953e-02
7.823393997912316991e+02 1.899999999999999953e-02
7.821352935037829184e+02 1.899999999999999953e-02
7.819312936880542111e+02 1.799999999999999864e-02
7.817274002607560988e+02 1.799999999999999864e-02
7.815236131386860734e+02 1.799999999999999864e-02
7.813199322387281427e+02 1.799999999999999864e-02
7.811163574778529437e+02 1.799999999999999864e-02
7.809128887731179702e+02 1.700000000000000122e-02
7.807095260416666633e+02 1.700000000000000122e-02
7.805062692007288661e+02 1.700000000000000122e-02
7.803031181676210508e+02 1.700000000000000122e-02
7.801000728597449552e+02 1.700000000000000122e-02
7.798971331945889460e+02 1.600000000000000033e-02
7.796942990897268828e+02 1.600000000000000033e-02
7.794915704628184585e+02 1.600000000000000033e-02
7.792889472316089723e+02 1.600000000000000033e-02
7.790864293139292158e+02 1.600000000000000033e-02
7.788840166276954733e+02 1.600000000000000033e-02
7.786817090909090666e+02 1.499999999999999944e-02
7.784795066216565829e+02 1.499999999999999944e-02
7.782774091381101016e+02 1.499999999999999944e-02
7.780754165585257169e+02 1.499999999999999944e-02
7.778735288012454703e+02 1.499999999999999944e-02
7.776717457846951902e+02 1.499999999999999944e-02
7.774700674273858567e+02 1.400000000000000029e-02
7.772684936479129192e+02 1.400000000000000029e-02
7.770670243649558415e+02 1.400000000000000029e-02
7.768656594972791254e+02 1.400000000000000029e-02
7.766643989637304912e+02 1.400000000000000029e-02
7.764632426832425836e+02 1.400000000000000029e-02
7.762621905748317204e+02 1.299999999999999940e-02
7.760612425575976658e+02 1.299999999999999940e-02
7.758603985507246534e+02 1.299999999999999940e-02
7.756596584734799080e+02 1.299999999999999940e-02
7.754590222452145554e+02 1.299999999999999940e-02
7.752584897853632810e+02 1.299999999999999940e-02
7.750580610134435346e+02 1.200000000000000025e-02
7.748577358490565530e+02 1.200000000000000025e-02
7.746575142118862232e+02 1.200000000000000025e-02
7.744573960216997648e+02 1.200000000000000025e-02
7.742573811983470478e+02 1.200000000000000025e-02
7.740574696617608197e+02 1.099999999999999936e-02
7.738576613319565922e+02 1.099999999999999936e-02
7.736579561290321863e+02 1.099999999999999936e-02
7.734583539731680730e+02 1.099999999999999936e-02
7.732588547846272604e+02 1.099999999999999936e-02
7.730594584837544971e+02 1.099999999999999936e-02
7.728601649909770686e+02 1.000000000000000021e-02
7.726609742268041146e+02 1.000000000000000021e-02
7.724618861118267432e+02 1.000000000000000021e-02
7.722629005667181445e+02 1.000000000000000021e-02
7.720640175122327946e+02 1.000000000000000021e-02
7.718652368692070240e+02 1.000000000000000021e-02
7.716665585585585632e+02 1.000000000000000021e-02
7.714679825012865422e+02 8.999999999999999320e-03
7.712695086184718321e+02 8.999999999999999320e-03
7.710711368312756804e+02 8.999999999999999320e-03
7.708728670609410756e+02 8.999999999999999320e-03
7.706746992287917237e+02 8.999999999999999320e-03
7.704766332562322759e+02 8.999999999999999320e-03
7.702786690647482146e+02 8.999999999999999320e-03
7.700808065759053989e+02 8.999999999999999320e-03
7.698830457113507464e+02 8.000000000000000167e-03
7.696853863928112105e+02 8.000000000000000167e-03
7.694878285420943484e+02 8.000000000000000167e-03
7.692903720810879804e+02 8.000000000000000167e-03
7.690930169317598484e+02 8.000000000000000167e-03
7.688957630161579573e+02 8.000000000000000167e-03
7.686986102564102339e+02 8.000000000000000167e-03
7.685015585747242994e+02 8.000000000000000167e-03
7.683046078933880381e+02 8.000000000000000167e-03
7.681077581347681189e+02 7.000000000000000146e-03
7.679110092213114740e+02 7.000000000000000146e-03
7.677143610755441614e+02 7.000000000000000146e-03
7.675178136200715926e+02 7.000000000000000146e-03
7.673213667775786462e+02 7.000000000000000146e-03
7.671250204708289857e+02 7.000000000000000146e-03
7.669287746226656282e+02 7.000000000000000146e-03
7.667326291560101481e+02 7.000000000000000146e-03
7.665365839938633599e+02 7.000000000000000146e-03
7.663406390593046353e+02 6.000000000000000125e-03
7.661447942754919040e+02 6.000000000000000125e-03
7.659490495656617668e+02 6.000000000000000125e-03
7.657534048531289272e+02 6.000000000000000125e-03
7.655578600612869877e+02 6.000000000000000125e-03
7.653624151136073124e+02 6.000000000000000125e-03
7.651670699336395955e+02 6.000000000000000125e-03
7.649718244450115208e+02 6.000000000000000125e-03
7.647766785714285334e+02 6.000000000000000125e-03
7.645816322366741815e+02 6.000000000000000125e-03
7.643866853646098889e+02 5.000000000000000104e-03
7.641918378791740452e+02 5.000000000000000104e-03
7.639970897043832565e+02 5.000000000000000104e-03
7.638024407643312088e+02 5.000000000000000104e-03
7.636078909831888950e+02 5.000000000000000104e-03
7.634134402852049561e+02 5.000000000000000104e-03
7.632190885947046581e+02 5.000000000000000104e-03
7.630248358360905740e+02 5.000000000000000104e-03
7.628306819338422429e+02 5.000000000000000104e-03
7.626366268125158285e+02 5.000000000000000104e-03
7.624426703967446883e+02 5.000000000000000104e-03
7.622488126112381224e+02 5.000000000000000104e-03
7.620550533807829652e+02 4.000000000000000083e-03
7.618613926302414256e+02 4.000000000000000083e-03
7.616678302845527924e+02 4.000000000000000083e-03
7.614743662687325241e+02 4.000000000000000083e-03
7.612810005078719087e+02 4.000000000000000083e-03
7.610877329271388589e+02 4.000000000000000083e-03
7.608945634517766621e+02 4.000000000000000083e-03
7.607014920071046618e+02 4.000000000000000083e-03
7.605085185185184855e+02 4.000000000000000083e-03
7.603156429114886805e+02 4.000000000000000083e-03
7.601228651115618504e+02 4.000000000000000083e-03
7.599301850443598596e+02 4.000000000000000083e-03
7.597376026355802878e+02 4.000000000000000083e-03
7.595451178109956345e+02 4.000000000000000083e-03
7.593527304964538871e+02 3.000000000000000062e-03
7.591604406178779527e+02 3.000000000000000062e-03
7.589682481012657718e+02 3.000000000000000062e-03
7.587761528726903180e+02 3.000000000000000062e-03
7.585841548582995983e+02 3.000000000000000062e-03
7.583922539843156301e+02 3.000000000000000062e-03
7.582004501770359184e+02 3.000000000000000062e-03
7.580087433628318649e+02 3.000000000000000062e-03
7.578171334681495637e+02 3.000000000000000062e-03
7.576256204195096871e+02 3.000000000000000062e-03
7.574342041435068040e+02 3.000000000000000062e-03
7.572428845668098347e+02 3.000000000000000062e-03
7.570516616161615957e+02 3.000000000000000062e-03
7.568605352183791410e+02 3.000000000000000062e-03
7.566695053003533076e+02 3.000000000000000062e-03
7.564785717890486012e+02 3.000000000000000062e-03
7.562877346115035380e+02 3.000000000000000062e-03
7.560969936948297345e+02 3.000000000000000062e-03
7.559063489662127040e+02 2.000000000000000042e-03
7.557158003529115149e+02 2.000000000000000042e-03
7.555253477822579953e+02 2.000000000000000042e-03
7.553349911816578697e+02 2.000000000000000042e-03
7.551447304785893948e+02 2.000000000000000042e-03
7.549545656006042691e+02 2.000000000000000042e-03
7.547644964753272916e+02 2.000000000000000042e-03
7.545745230304555662e+02 2.000000000000000042e-03
7.543846451937594111e+02 2.000000000000000042e-03
7.541948628930816767e+02 2.000000000000000042e-03
7.540051760563379730e+02 2.000000000000000042e-03
7.538155846115162149e+02 2.000000000000000042e-03
7.536260884866766219e+02 2.000000000000000042e-03
7.534366876099522869e+02 2.000000000000000042e-03
7.532473819095476983e+02 2.000000000000000042e-03
7.530581713137402176e+02 2.000000000000000042e-03
7.528690557508789425e+02 2.000000000000000042e-03
7.526800351493848211e+02 2.000000000000000042e-03
7.524911094377509926e+02 2.000000000000000042e-03
7.523022785445419913e+02 2.000000000000000042e-03
7.521135423983943156e+02 2.000000000000000042e-03
7.519249009280160863e+02 2.000000000000000042e-03
7.517363540621864786e+02 2.000000000000000042e-03
7.515479017297568589e+02 2.000000000000000042e-03
7.513595438596490794e+02 1.000000000000000021e-03
7.511712803808568424e+02 1.000000000000000021e-03
7.509831112224449043e+02 1.000000000000000021e-03
7.507950363135486214e+02 1.000000000000000021e-03
7.506070555833750859e+02 1.000000000000000021e-03
7.504191689612014216e+02 1.000000000000000021e-03
7.502313763763762609e+02 1.000000000000000021e-03
7.500436777583187222e+02 1.000000000000000021e-03
7.498560730365181826e+02 1.000000000000000021e-03
7.496685621405351867e+02 1.000000000000000021e-03
7.494811449999999695e+02 1.000000000000000021e-03
7.492938215446138202e+02 1.000000000000000021e-03
7.491065917041479452e+02 1.000000000000000021e-03
7.489194554084435822e+02 1.000000000000000021e-03
7.487324125874125684e+02 1.000000000000000021e-03
7.485454631710362037e+02 1.000000000000000021e-03
7.483586070893658189e+02 1.000000000000000021e-03
7.481718442725231171e+02 1.000000000000000021e-03
7.479851746506985819e+02 1.000000000000000021e-03
7.477985981541531828e+02 1.000000000000000021e-03
7.476121147132168971e+02 1.000000000000000021e-03
7.474257242582896197e+02 1.000000000000000021e-03
7.472394267198404805e+02 1.000000000000000021e-03
7.470532220284076175e+02 1.000000000000000021e-03
7.468671101145988587e+02 1.000000000000000021e-03
7.466810909090909263e+02 1.000000000000000021e-03
7.464951643426294368e+02 1.000000000000000021e-03
7.463093303460293555e+02 1.000000000000000021e-03
7.461235888501742011e+02 1.000000000000000021e-03
7.459379397860163863e+02 1.000000000000000021e-03
7.457523830845771045e+02 1.000000000000000021e-03
7.455669186769459884e+02 1.000000000000000021e-03
7.453815464942814515e+02 1.000000000000000021e-03
7.451962664678100055e+02 1.000000000000000021e-03
7.450110785288270563e+02 1.000000000000000021e-03
7.448259826086956537e+02 1.000000000000000021e-03
7.446409786388474004e+02 1.000000000000000021e-03
7.444560665507822250e+02 1.000000000000000021e-03
7.442712462760674725e+02 1.000000000000000021e-03
7.440865177463390410e+02 1.000000000000000021e-03
7.439018808933002447e+02 1.000000000000000021e-03
7.437173356487222691e+02 1.000000000000000021e-03
7.435328819444443980e+02 1.000000000000000021e-03
7.433485197123728767e+02 1.000000000000000021e-03
7.431642488844819354e+02 1.000000000000000021e-03
7.429800693928128794e+02 1.000000000000000021e-03
7.427959811694746577e+02 1.000000000000000021e-03
7.426119841466435219e+02 1.000000000000000021e-03
7.424280782565625714e+02 0.000000000000000000e+00
7.422442634315424357e+02 0.000000000000000000e+00
7.420605396039603647e+02 0.000000000000000000e+00
7.418769067062607974e+02 0.000000000000000000e+00
7.416933646709549066e+02 0.000000000000000000e+00
7.415099134306207134e+02 0.000000000000000000e+00
7.413265529179030864e+02 0.000000000000000000e+00
7.411432830655129465e+02 0.000000000000000000e+00
7.409601038062282896e+02 0.000000000000000000e+00
7.407770150728935050e+02 0.000000000000000000e+00
7.405940167984189202e+02 0.000000000000000000e+00
7.404111089157817105e+02 0.000000000000000000e+00
7.402282913580246486e+02 0.000000000000000000e+00
7.400455640582571277e+02 0.000000000000000000e+00
7.398629269496544794e+02 0.000000000000000000e+00
7.396803799654576324e+02 0.000000000000000000e+00
7.394979230389739087e+02 0.000000000000000000e+00
7.393155561035757728e+02 0.000000000000000000e+00
7.391332790927020824e+02 0.000000000000000000e+00
7.389510919398570650e+02 0.000000000000000000e+00
7.387689945786100907e+02 0.000000000000000000e+00
7.385869869425966954e+02 0.000000000000000000e+00
7.384050689655172164e+02 0.000000000000000000e+00
7.382232405811375884e+02 0.000000000000000000e+00
7.380415017232890023e+02 0.000000000000000000e+00
7.378598523258675641e+02 0.000000000000000000e+00
7.376782923228346363e+02 0.000000000000000000e+00
7.374968216482164962e+02 0.000000000000000000e+00
7.373154402361042230e+02 0.000000000000000000e+00
7.371341480206540382e+02 0.000000000000000000e+00
7.369529449360865101e+02 0.000000000000000000e+00
7.367718309166871222e+02 0.000000000000000000e+00
7.365908058968058185e+02 0.000000000000000000e+00
7.364098698108572307e+02 0.000000000000000000e+00
7.362290225933202237e+02 0.000000000000000000e+00
7.360482641787380089e+02 0.000000000000000000e+00
7.358675945017182585e+02 0.000000000000000000e+00
7.356870134969324226e+02 0.000000000000000000e+00
7.355065210991167532e+02 0.000000000000000000e+00
7.353261172430708257e+02 0.000000000000000000e+00
7.351458018636585621e+02 0.000000000000000000e+00
7.349655748958077766e+02 0.000000000000000000e+00
7.347854362745097205e+02 0.000000000000000000e+00
7.346053859348197648e+02 0.000000000000000000e+00
7.344254238118569447e+02 0.000000000000000000e+00
7.342455498408032781e+02 0.000000000000000000e+00
7.340657639569050161e+02 0.000000000000000000e+00
7.338860660954711648e+02 0.000000000000000000e+00
7.337064561918746222e+02 0.000000000000000000e+00
7.335269341815512689e+02 0.000000000000000000e+00
7.333474999999999682e+02 0.000000000000000000e+00
7.331681535827831340e+02 0.000000000000000000e+00
7.329888948655255945e+02 0.000000000000000000e+00
7.328097237839158424e+02 0.000000000000000000e+00
7.326306402737047847e+02 0.000000000000000000e+00
7.324516442707059696e+02 0.000000000000000000e+00
7.322727357107962689e+02 0.000000000000000000e+00
7.320939145299145139e+02 0.000000000000000000e+00
7.319151806640624045e+02 0.000000000000000000e+00
7.317365340493043959e+02 0.000000000000000000e+00
7.315579746217666752e+02 0.000000000000000000e+00
7.313795023176384120e+02 0.000000000000000000e+00
7.312011170731707352e+02 0.000000000000000000e+00
