#wavelength RSR
1.666667e+02 8.924266e-12
1.669449e+02 -5.375578e-11
1.672241e+02 -3.565796e-11
1.674761e+02 -5.742178e-11
1.677571e+02 6.485154e-11
1.680390e+02 1.835163e-10
1.683218e+02 3.532353e-11
1.685772e+02 3.853476e-11
1.688619e+02 -2.595846e-11
1.691475e+02 -2.205126e-12
1.694341e+02 -1.361415e-11
1.697217e+02 1.092429e-11
1.699813e+02 -1.357752e-11
1.702707e+02 -1.132355e-11
1.705611e+02 4.025637e-11
1.708526e+02 3.030480e-11
1.711450e+02 3.312300e-11
1.714090e+02 4.633560e-11
1.717033e+02 2.142320e-11
1.719986e+02 3.067080e-12
1.722950e+02 9.263460e-11
1.725626e+02 4.789720e-11
1.728608e+02 3.284240e-11
1.731602e+02 4.876340e-11
1.734605e+02 8.689032e-11
1.737619e+02 5.974319e-11
1.740341e+02 8.686594e-11
1.743375e+02 7.669948e-11
1.746420e+02 9.147376e-12
1.749475e+02 5.478186e-11
1.752541e+02 7.628502e-11
1.755310e+02 4.801641e-11
1.758396e+02 8.941365e-11
1.761494e+02 1.079270e-10
1.764602e+02 1.498140e-10
1.767409e+02 1.985340e-10
1.770538e+02 2.978010e-10
1.773679e+02 3.666180e-10
1.776830e+02 4.632054e-10
1.779993e+02 5.952366e-10
1.782849e+02 5.881722e-10
1.786033e+02 6.624702e-10
1.789229e+02 8.820756e-10
1.792436e+02 1.212375e-09
1.795655e+02 1.565062e-09
1.798561e+02 1.958153e-09
1.801802e+02 1.930162e-09
1.805054e+02 1.549241e-09
1.808318e+02 1.058547e-09
1.811266e+02 7.068336e-10
1.814553e+02 5.805090e-10
1.817851e+02 5.080975e-10
1.821162e+02 5.651968e-10
1.824485e+02 5.724928e-10
1.827485e+02 5.817344e-10
1.830831e+02 5.419712e-10
1.834189e+02 5.220288e-10
1.837560e+02 4.074816e-10
1.840943e+02 4.234112e-10
1.843998e+02 3.302656e-10
1.847404e+02 4.021312e-10
1.850824e+02 4.480920e-10
1.854256e+02 4.642515e-10
1.857355e+02 3.705750e-10
1.860811e+02 3.075165e-10
1.864280e+02 1.875960e-10
1.867762e+02 1.224720e-10
1.871257e+02 9.615510e-11
1.874414e+02 1.233225e-10
1.877934e+02 8.293590e-11
1.881468e+02 3.481752e-11
1.885014e+02 3.343356e-11
1.888574e+02 2.429214e-11
1.891790e+02 1.709312e-11
1.895375e+02 4.480874e-11
1.898975e+02 3.650498e-11
1.902588e+02 2.719360e-11
1.905851e+02 1.850136e-11
1.909490e+02 1.353610e-11
1.913143e+02 5.626890e-11
1.916810e+02 4.672476e-11
1.920492e+02 7.993670e-12
1.923817e+02 2.341090e-11
1.927525e+02 2.185826e-11
1.931248e+02 3.095576e-11
1.934985e+02 6.317304e-11
1.938360e+02 2.509697e-11
1.942125e+02 2.627358e-11
1.945904e+02 3.258118e-11
1.949698e+02 5.075856e-11
1.953507e+02 6.124236e-11
1.956947e+02 5.188572e-11
1.960784e+02 4.312296e-11
1.964637e+02 2.374308e-11
1.968504e+02 1.182064e-10
1.972387e+02 3.043332e-11
1.975894e+02 7.358052e-11
1.979806e+02 5.083128e-11
1.983733e+02 5.290859e-11
1.987676e+02 3.827971e-11
1.991239e+02 1.872206e-10
1.995211e+02 1.303036e-10
1.999200e+02 -2.562476e-11
2.003205e+02 8.107645e-11
2.007226e+02 1.220688e-10
2.010859e+02 1.364797e-10
2.014910e+02 -8.784594e-13
2.018978e+02 1.803179e-11
2.023063e+02 2.038850e-10
2.027164e+02 -1.130745e-10
2.030869e+02 1.070124e-10
2.035002e+02 8.679330e-10
2.039152e+02 2.662000e-10
2.043318e+02 -1.594780e-10
2.047083e+02 -8.373200e-10
2.051282e+02 2.318360e-09
2.055498e+02 -1.282600e-09
2.059732e+02 3.970356e-10
2.063983e+02 -1.259778e-10
2.067825e+02 7.078695e-10
2.072109e+02 -7.712211e-11
2.076412e+02 -1.111675e-10
2.080732e+02 1.435083e-10
2.085071e+02 8.706009e-11
2.088991e+02 -9.519666e-12
2.093364e+02 5.421156e-11
2.097755e+02 9.484008e-11
2.102165e+02 1.799920e-11
2.106150e+02 -1.935216e-11
2.110595e+02 1.148808e-11
2.115059e+02 3.452464e-11
2.119542e+02 1.471288e-11
2.124044e+02 -8.477392e-12
2.128112e+02 -3.188416e-11
2.132651e+02 -3.735000e-11
2.137209e+02 -2.085810e-11
2.141786e+02 -2.607890e-11
2.146383e+02 -1.704392e-11
2.150538e+02 -9.313678e-12
2.155172e+02 1.037480e-12
2.159827e+02 -6.195300e-12
2.164502e+02 -1.647030e-11
2.168727e+02 -1.969926e-11
2.173441e+02 -2.002476e-11
2.178175e+02 2.480832e-11
2.182929e+02 2.342600e-11
2.187705e+02 -6.260625e-12
2.192021e+02 3.305875e-11
2.196837e+02 6.203317e-12
2.201673e+02 2.417408e-11
2.206531e+02 -4.698567e-12
2.210922e+02 -1.032659e-11
2.215821e+02 -2.911384e-12
2.220742e+02 -1.645875e-11
2.225684e+02 -3.505356e-12
2.230649e+02 -3.829228e-11
2.235136e+02 1.879016e-11
2.240143e+02 1.163340e-12
2.245173e+02 6.576876e-12
2.250225e+02 3.770559e-12
2.255300e+02 7.354971e-12
2.259887e+02 7.798842e-12
2.265006e+02 3.068338e-11
2.270148e+02 1.387716e-11
2.275313e+02 -2.288544e-12
2.279982e+02 -9.562820e-13
2.285192e+02 -1.057453e-13
2.290426e+02 -3.121444e-11
2.295684e+02 -1.859770e-11
2.300966e+02 -1.295845e-11
2.305741e+02 1.032576e-11
2.311070e+02 1.539032e-10
2.316423e+02 1.137470e-10
2.321802e+02 8.331840e-12
2.327205e+02 -7.038798e-11
2.332090e+02 -1.820256e-11
2.337541e+02 1.035938e-10
2.343018e+02 1.106144e-10
2.348520e+02 1.465290e-11
2.353495e+02 2.045176e-11
2.359047e+02 -2.740174e-11
2.364625e+02 4.047336e-11
2.370230e+02 1.340722e-11
2.375861e+02 -9.026780e-12
2.380952e+02 -3.134325e-11
2.386635e+02 1.656055e-11
2.392344e+02 -1.301256e-11
2.398082e+02 2.933826e-11
2.403846e+02 -1.336620e-12
2.409058e+02 -8.376244e-12
2.414876e+02 1.708495e-12
2.420721e+02 1.646205e-11
2.426595e+02 -1.839632e-13
2.431907e+02 -6.548179e-12
2.437835e+02 -9.594972e-11
2.443793e+02 -7.315088e-11
2.449780e+02 1.049087e-11
2.455796e+02 -2.511168e-12
2.461236e+02 1.198032e-10
2.467308e+02 -7.945325e-11
2.473411e+02 -3.116029e-11
2.479544e+02 -7.826880e-11
2.485707e+02 -7.973721e-11
2.491281e+02 -5.360322e-11
2.497502e+02 -4.899152e-11
2.503756e+02 2.474350e-11
2.510040e+02 1.055345e-10
2.515723e+02 -1.273152e-10
2.522068e+02 2.296476e-11
2.528445e+02 1.265976e-10
2.534854e+02 1.012005e-10
2.541296e+02 1.572635e-10
2.547122e+02 7.187400e-11
2.553626e+02 4.365439e-11
2.560164e+02 2.362338e-10
2.566735e+02 1.953599e-10
2.573340e+02 -1.435678e-10
2.579314e+02 1.150032e-10
2.585984e+02 5.425164e-11
2.592689e+02 9.730125e-12
2.599428e+02 8.761894e-11
2.605524e+02 4.429375e-11
2.612330e+02 -3.425345e-10
2.619172e+02 1.689673e-10
2.626050e+02 -1.453717e-10
2.632965e+02 -1.313452e-10
2.639219e+02 6.202500e-11
2.646203e+02 -1.254213e-11
2.653224e+02 1.560787e-10
2.660282e+02 1.291587e-10
2.666667e+02 4.331520e-12
2.673797e+02 3.946432e-10
2.680965e+02 3.716829e-10
2.688172e+02 -7.171282e-11
2.695418e+02 1.533355e-10
2.701972e+02 2.368053e-10
2.709293e+02 7.550279e-11
2.716653e+02 2.945228e-10
2.724053e+02 -1.422116e-11
2.731494e+02 -5.632880e-10
2.738226e+02 -8.686268e-10
2.745744e+02 2.008670e-10
2.753304e+02 -9.428982e-10
2.760906e+02 -5.977920e-10
2.767783e+02 -1.034311e-10
2.775465e+02 -4.498650e-10
2.783190e+02 9.109536e-11
2.790957e+02 -7.427475e-10
2.798769e+02 1.387360e-10
2.805836e+02 2.141376e-10
2.813731e+02 4.817166e-10
2.821670e+02 -4.606848e-10
2.829655e+02 -1.910728e-10
2.837684e+02 1.519495e-10
2.844950e+02 -3.019674e-10
2.853067e+02 1.566166e-10
2.861230e+02 1.127939e-10
2.869440e+02 1.760432e-09
2.876870e+02 2.702230e-09
2.885170e+02 4.448880e-09
2.893519e+02 6.878060e-09
2.901915e+02 4.750791e-09
2.910361e+02 1.222261e-08
2.918004e+02 -5.029280e-09
2.926544e+02 -2.871234e-08
2.935134e+02 -6.751316e-10
2.943774e+02 -4.226400e-10
2.952465e+02 -6.361740e-11
2.960332e+02 -9.507816e-09
2.969121e+02 -8.773605e-09
2.977963e+02 -3.301997e-09
2.986858e+02 4.060126e-08
2.994909e+02 2.691480e-08
3.003905e+02 4.582221e-08
3.012956e+02 -4.579208e-08
3.022061e+02 -2.258100e-08
3.031222e+02 7.173672e-09
3.039514e+02 7.387968e-08
3.048780e+02 -3.851100e-08
3.058104e+02 5.769240e-08
3.067485e+02 -1.210622e-08
3.076923e+02 -1.205691e-08
3.085467e+02 -3.474778e-08
3.095017e+02 2.010469e-07
3.104626e+02 1.095711e-07
3.114295e+02 6.509074e-08
3.123048e+02 5.797666e-09
3.132832e+02 -1.401136e-09
3.142678e+02 4.817776e-08
3.152585e+02 -5.288924e-08
3.162555e+02 1.618725e-07
3.171583e+02 1.683781e-07
3.181674e+02 1.622704e-07
3.191829e+02 1.419141e-08
3.202049e+02 1.160115e-07
3.211304e+02 1.612535e-07
3.221649e+02 3.627137e-07
3.232062e+02 3.385778e-07
3.242542e+02 1.793259e-07
3.253090e+02 6.068736e-07
3.262643e+02 3.395093e-07
3.273322e+02 1.051109e-06
3.284072e+02 3.659199e-07
3.294893e+02 9.017334e-07
3.305785e+02 1.005120e-06
3.315650e+02 1.626937e-06
3.326680e+02 1.827515e-06
3.337784e+02 2.815604e-06
3.348962e+02 3.065029e-06
3.359086e+02 3.053971e-06
3.370408e+02 4.051429e-06
3.381806e+02 4.119757e-06
3.393281e+02 6.979072e-06
3.404835e+02 8.248064e-06
3.415301e+02 5.921685e-06
3.427005e+02 8.299096e-06
3.438790e+02 1.593625e-05
3.450656e+02 1.798810e-05
3.462604e+02 2.226470e-05
3.473428e+02 3.593061e-05
3.485535e+02 4.732966e-05
3.497726e+02 6.028960e-05
3.510004e+02 9.244200e-05
3.521127e+02 1.445354e-04
3.533569e+02 1.947723e-04
3.546099e+02 2.175510e-04
3.558719e+02 2.670179e-04
3.571429e+02 3.350167e-04
3.582945e+02 3.250078e-04
3.595829e+02 2.751976e-04
3.608805e+02 2.940791e-04
3.621876e+02 3.414828e-04
3.635042e+02 3.919290e-04
3.646973e+02 4.590609e-04
3.660322e+02 4.297545e-04
3.673769e+02 4.299673e-04
3.687316e+02 4.299104e-04
3.699593e+02 4.831183e-04
3.713331e+02 4.744991e-04
3.727171e+02 5.225258e-04
3.741115e+02 5.635714e-04
3.755163e+02 6.895932e-04
3.767898e+02 9.590680e-04
3.782148e+02 1.120979e-03
3.796507e+02 1.358924e-03
3.810976e+02 1.581703e-03
3.825555e+02 2.081271e-03
3.838772e+02 2.566684e-03
3.853565e+02 3.145234e-03
3.868472e+02 4.029038e-03
3.883495e+02 5.122231e-03
3.897116e+02 6.437254e-03
3.912363e+02 8.472993e-03
3.927730e+02 1.142713e-02
3.943218e+02 1.509525e-02
3.958828e+02 1.957721e-02
3.972984e+02 2.529130e-02
3.988831e+02 3.294597e-02
4.004806e+02 4.211782e-02
4.020909e+02 5.377674e-02
4.037142e+02 6.941678e-02
4.051864e+02 8.847162e-02
4.068348e+02 1.126421e-01
4.084967e+02 1.485214e-01
4.101723e+02 1.912909e-01
4.116921e+02 2.417210e-01
4.133940e+02 2.824519e-01
4.151100e+02 3.182011e-01
4.168404e+02 3.503130e-01
4.185852e+02 3.624220e-01
4.201681e+02 3.711300e-01
4.219409e+02 3.823944e-01
4.237288e+02 3.940691e-01
4.255319e+02 4.026928e-01
4.271679e+02 4.145988e-01
4.290004e+02 4.209850e-01
4.308488e+02 4.308288e-01
4.327131e+02 4.309237e-01
4.345937e+02 4.354391e-01
4.363002e+02 4.263770e-01
4.382121e+02 4.247976e-01
4.401408e+02 4.334893e-01
4.420866e+02 4.409197e-01
4.440497e+02 4.428877e-01
4.458315e+02 4.394962e-01
4.478280e+02 4.397867e-01
4.498426e+02 4.186382e-01
4.518753e+02 4.130316e-01
4.537205e+02 4.114061e-01
4.557885e+02 4.066202e-01
4.578755e+02 4.036237e-01
4.599816e+02 4.161289e-01
4.621072e+02 4.291626e-01
4.640371e+02 4.322028e-01
4.662005e+02 4.463269e-01
4.683841e+02 4.375913e-01
4.705882e+02 4.310556e-01
4.728132e+02 4.159883e-01
4.748338e+02 4.120595e-01
4.770992e+02 3.942540e-01
4.793864e+02 3.912327e-01
4.816956e+02 3.830425e-01
4.837929e+02 3.933566e-01
4.861449e+02 4.047596e-01
4.885198e+02 4.115853e-01
4.909180e+02 4.122600e-01
4.933399e+02 4.043132e-01
4.955401e+02 4.027388e-01
4.980080e+02 3.984656e-01
5.005005e+02 3.989903e-01
5.030181e+02 3.973410e-01
5.055612e+02 3.909685e-01
5.078720e+02 3.813965e-01
5.104645e+02 3.873933e-01
5.130836e+02 3.938398e-01
5.157298e+02 3.832705e-01
5.181347e+02 3.876931e-01
5.208333e+02 3.888175e-01
5.235602e+02 3.756246e-01
5.263158e+02 3.770488e-01
5.291005e+02 3.865783e-01
5.316321e+02 4.061032e-01
5.344735e+02 3.990638e-01
5.373455e+02 4.030113e-01
5.402485e+02 4.070332e-01
5.431831e+02 3.969849e-01
5.458515e+02 3.941980e-01
5.488474e+02 3.799160e-01
5.518764e+02 3.747360e-01
5.549390e+02 3.816051e-01
5.577245e+02 3.689333e-01
5.608525e+02 3.798043e-01
5.640158e+02 4.071538e-01
5.672150e+02 4.096134e-01
5.704507e+02 4.145183e-01
5.733945e+02 4.097184e-01
5.767013e+02 3.983367e-01
5.800464e+02 3.872034e-01
5.834306e+02 3.911615e-01
5.865103e+02 3.863303e-01
5.899705e+02 4.015217e-01
5.934718e+02 4.152664e-01
5.970149e+02 4.014753e-01
6.006006e+02 4.020121e-01
6.038647e+02 4.049896e-01
6.075334e+02 4.017021e-01
6.112469e+02 1.727868e-01
6.150062e+02 9.557154e-02
6.188119e+02 6.312938e-02
6.222775e+02 4.576044e-02
6.261741e+02 3.538345e-02
6.301197e+02 2.731719e-02
6.341154e+02 2.174774e-02
6.377551e+02 1.767086e-02
6.418485e+02 1.460389e-02
6.459948e+02 1.187934e-02
6.501951e+02 9.604309e-03
6.544503e+02 8.000044e-03
6.583278e+02 7.241960e-03
6.626905e+02 6.235960e-03
6.671114e+02 5.302535e-03
6.715917e+02 4.900885e-03
6.761325e+02 4.380467e-03
6.802721e+02 3.839616e-03
6.849315e+02 3.392583e-03
6.896552e+02 2.910644e-03
6.944444e+02 2.452447e-03
6.988120e+02 2.148664e-03
7.037298e+02 1.924076e-03
7.087172e+02 1.800817e-03
7.137759e+02 1.539650e-03
7.189073e+02 1.416993e-03
7.235890e+02 1.218659e-03
7.288630e+02 1.169510e-03
7.342144e+02 1.055578e-03
7.396450e+02 9.420840e-04
7.451565e+02 8.842694e-04
7.501875e+02 8.077790e-04
7.558579e+02 6.753472e-04
7.616146e+02 6.152500e-04
7.674597e+02 5.856516e-04
7.727975e+02 5.188042e-04
7.788162e+02 4.366220e-04
7.849294e+02 4.131943e-04
7.911392e+02 3.713014e-04
7.974482e+02 3.625637e-04
8.032129e+02 3.272337e-04
8.097166e+02 3.037856e-04
8.163265e+02 2.758241e-04
8.230453e+02 2.702321e-04
8.298755e+02 2.433564e-04
8.361204e+02 2.390951e-04
8.431703e+02 2.152869e-04
8.503401e+02 1.851311e-04
8.576329e+02 1.632476e-04
8.643042e+02 1.384172e-04
8.718396e+02 1.284199e-04
8.795075e+02 1.181795e-04
8.873114e+02 1.152396e-04
8.952551e+02 9.268112e-05
9.025271e+02 8.663940e-05
9.107468e+02 8.051456e-05
9.191176e+02 8.042580e-05
9.276438e+02 1.996135e-07
9.363296e+02 1.698028e-07
9.442871e+02 1.470064e-07
9.532888e+02 1.162788e-07
9.624639e+02 1.115176e-07
9.718173e+02 1.014039e-07
9.803922e+02 9.215564e-08
9.900990e+02 7.886328e-08
1.000000e+03 0.000000e+00
